n120_k150_B
120
120
150
1471

42 69 67 57 93 90 38 36 45 42 33 79 27 57 44 84 86 92 46 38 85 33 82 73 49 70 59 23 57 72 74 69 33 42 28 46 30 64 29 74 41 49 55 98 80 32 25 38 82 30 35 39 57 84 62 50 55 27 30 36 20 78 47 26 45 41 58 98 91 96 73 84 37 93 91 43 73 85 81 79 71 80 76 83 41 78 70 23 42 87 43 84 60 55 49 78 73 62 36 44 94 69 32 96 70 84 58 78 25 80 58 66 83 24 98 60 42 43 43 39 

1 5
1 8
1 14
1 17
1 27
1 28
1 32
1 33
1 36
1 37
1 39
1 40
1 50
1 63
1 72
1 79
1 83
1 84
1 85
1 86
1 95
1 96
1 97
1 100
1 103
1 105
1 117
1 119
1 120
2 3
2 9
2 12
2 13
2 18
2 19
2 23
2 25
2 28
2 30
2 44
2 46
2 49
2 50
2 56
2 58
2 62
2 66
2 71
2 74
2 75
2 76
2 82
2 89
2 90
2 91
2 94
2 98
2 104
2 106
2 109
2 110
2 111
3 4
3 5
3 6
3 7
3 10
3 13
3 14
3 20
3 34
3 36
3 40
3 42
3 43
3 45
3 50
3 62
3 67
3 72
3 81
3 83
3 90
3 101
3 108
3 110
3 116
3 119
4 7
4 8
4 9
4 14
4 15
4 18
4 19
4 25
4 34
4 37
4 45
4 51
4 58
4 66
4 71
4 73
4 76
4 80
4 98
4 104
4 109
5 7
5 11
5 14
5 24
5 31
5 59
5 64
5 70
5 77
5 79
5 97
5 103
5 106
5 107
5 110
5 116
5 117
5 118
5 119
6 8
6 13
6 17
6 19
6 34
6 35
6 47
6 50
6 58
6 60
6 69
6 75
6 76
6 81
6 82
6 94
6 99
6 107
6 115
6 119
7 9
7 19
7 20
7 26
7 28
7 43
7 44
7 49
7 56
7 60
7 63
7 75
7 78
7 79
7 81
7 91
7 97
7 101
7 102
7 115
7 118
8 9
8 12
8 14
8 16
8 18
8 28
8 31
8 32
8 36
8 38
8 41
8 53
8 66
8 79
8 81
8 93
8 106
8 107
8 117
8 119
8 120
9 18
9 22
9 25
9 28
9 29
9 38
9 39
9 44
9 54
9 57
9 63
9 70
9 77
9 85
9 86
9 87
9 92
9 101
9 102
9 105
9 106
9 108
9 109
9 110
9 111
9 112
9 115
10 13
10 14
10 22
10 23
10 33
10 35
10 48
10 49
10 50
10 53
10 54
10 63
10 70
10 72
10 77
10 88
10 94
10 101
10 104
10 107
10 109
10 113
11 15
11 19
11 22
11 23
11 25
11 28
11 29
11 32
11 33
11 41
11 42
11 43
11 60
11 64
11 66
11 71
11 84
11 98
11 99
11 105
11 107
11 114
12 14
12 18
12 21
12 23
12 26
12 29
12 32
12 41
12 45
12 46
12 50
12 52
12 53
12 63
12 66
12 70
12 71
12 73
12 76
12 77
12 88
12 93
12 95
12 104
12 116
12 120
13 15
13 16
13 19
13 23
13 25
13 33
13 40
13 42
13 46
13 48
13 52
13 54
13 57
13 60
13 63
13 68
13 71
13 76
13 90
13 92
13 93
13 101
13 102
13 104
13 106
13 107
13 108
13 115
14 15
14 16
14 17
14 20
14 22
14 23
14 26
14 37
14 41
14 49
14 53
14 57
14 65
14 67
14 77
14 79
14 80
14 92
14 101
14 109
14 110
15 20
15 24
15 30
15 31
15 32
15 38
15 40
15 73
15 88
15 90
15 108
15 110
16 17
16 19
16 20
16 31
16 33
16 38
16 44
16 45
16 47
16 49
16 51
16 54
16 64
16 65
16 68
16 76
16 77
16 80
16 81
16 88
16 91
16 93
16 96
16 108
16 111
16 113
16 114
17 18
17 20
17 23
17 25
17 28
17 30
17 32
17 35
17 48
17 49
17 62
17 64
17 70
17 71
17 72
17 75
17 78
17 79
17 80
17 85
17 91
17 104
17 108
17 119
17 120
18 29
18 31
18 35
18 38
18 46
18 49
18 52
18 59
18 63
18 65
18 66
18 69
18 79
18 88
18 89
18 91
18 100
18 109
18 111
18 112
18 113
18 114
19 21
19 24
19 25
19 27
19 39
19 42
19 43
19 46
19 53
19 62
19 64
19 67
19 69
19 73
19 74
19 77
19 82
19 85
19 96
19 99
19 103
19 104
19 107
19 115
20 24
20 26
20 43
20 44
20 47
20 60
20 64
20 68
20 73
20 78
20 85
20 92
20 94
20 100
20 106
20 110
20 116
20 117
21 30
21 38
21 45
21 48
21 53
21 63
21 65
21 71
21 80
21 84
21 90
21 95
21 96
21 97
21 106
21 108
21 112
21 114
22 23
22 27
22 28
22 31
22 34
22 35
22 42
22 43
22 44
22 58
22 60
22 62
22 75
22 83
22 86
22 87
22 91
22 96
22 103
22 108
22 109
22 119
22 120
23 37
23 40
23 47
23 49
23 50
23 51
23 58
23 60
23 62
23 68
23 79
23 81
23 82
23 88
23 89
23 92
23 93
23 105
23 106
23 107
23 109
23 113
24 26
24 29
24 30
24 33
24 37
24 38
24 40
24 43
24 47
24 49
24 53
24 59
24 61
24 65
24 67
24 72
24 73
24 77
24 88
24 92
24 101
24 103
24 119
25 34
25 44
25 45
25 53
25 54
25 56
25 68
25 70
25 74
25 78
25 86
25 91
25 94
25 101
25 116
26 27
26 31
26 32
26 37
26 39
26 40
26 41
26 43
26 45
26 51
26 56
26 58
26 69
26 82
26 91
26 94
26 95
26 104
26 110
26 112
26 113
26 114
26 116
26 118
26 119
26 120
27 28
27 31
27 37
27 42
27 50
27 57
27 67
27 68
27 78
27 82
27 84
27 88
27 91
27 92
27 101
27 102
27 105
27 107
27 116
28 31
28 47
28 51
28 55
28 56
28 66
28 70
28 71
28 77
28 84
28 86
28 95
28 101
28 113
28 114
28 115
28 119
29 37
29 39
29 42
29 54
29 55
29 56
29 60
29 67
29 70
29 80
29 84
29 85
29 87
29 92
29 101
29 104
29 111
29 112
29 115
29 117
30 31
30 35
30 40
30 49
30 50
30 56
30 58
30 59
30 69
30 70
30 81
30 85
30 88
30 89
30 90
30 94
31 36
31 39
31 44
31 56
31 65
31 67
31 74
31 83
31 86
31 87
31 93
31 101
31 103
32 37
32 38
32 40
32 42
32 51
32 52
32 55
32 66
32 67
32 68
32 69
32 79
32 80
32 92
32 95
32 97
32 103
32 110
32 111
32 116
33 38
33 42
33 46
33 51
33 70
33 77
33 85
33 98
33 106
33 107
33 117
34 37
34 38
34 44
34 46
34 47
34 49
34 51
34 61
34 71
34 87
34 88
34 95
34 112
34 116
34 119
35 38
35 39
35 44
35 59
35 60
35 61
35 64
35 65
35 77
35 81
35 82
35 86
35 89
35 95
35 103
35 104
35 108
35 109
35 119
35 120
36 37
36 42
36 45
36 46
36 51
36 53
36 56
36 59
36 66
36 73
36 75
36 90
36 111
36 120
37 42
37 43
37 50
37 51
37 55
37 56
37 61
37 66
37 73
37 77
37 83
37 87
37 97
37 104
37 106
37 108
37 114
38 44
38 46
38 49
38 51
38 52
38 62
38 74
38 82
38 84
38 87
38 88
38 104
38 111
39 42
39 44
39 46
39 48
39 52
39 61
39 62
39 63
39 71
39 76
39 79
39 80
39 85
39 86
39 94
39 107
39 109
39 112
39 115
39 119
40 45
40 52
40 60
40 62
40 70
40 80
40 85
40 87
40 88
40 95
40 101
40 118
41 44
41 48
41 50
41 52
41 67
41 68
41 69
41 72
41 81
41 83
41 85
41 92
41 96
41 98
41 99
41 101
41 105
41 108
41 110
41 111
41 112
41 113
41 119
41 120
42 43
42 45
42 56
42 57
42 59
42 62
42 64
42 70
42 75
42 76
42 79
42 85
42 90
42 98
42 99
42 105
42 107
42 109
42 120
43 44
43 45
43 50
43 55
43 56
43 69
43 71
43 75
43 78
43 85
43 87
43 99
43 100
43 108
43 114
43 115
43 116
43 117
43 120
44 45
44 46
44 47
44 49
44 52
44 53
44 54
44 58
44 62
44 66
44 79
44 86
44 89
44 96
44 112
44 119
45 66
45 67
45 69
45 70
45 81
45 84
45 85
45 91
45 100
45 104
45 105
45 113
45 117
46 47
46 50
46 58
46 76
46 82
46 85
46 88
46 92
46 99
46 104
46 115
46 117
46 118
46 119
46 120
47 51
47 54
47 58
47 62
47 64
47 65
47 69
47 70
47 79
47 80
47 82
47 86
47 94
47 95
47 99
47 102
47 103
47 105
47 112
47 115
47 117
48 55
48 57
48 62
48 63
48 64
48 68
48 81
48 89
48 99
48 100
48 105
48 116
49 61
49 63
49 64
49 65
49 73
49 74
49 81
49 90
49 96
49 103
49 105
49 110
49 114
49 117
50 53
50 56
50 58
50 61
50 64
50 65
50 74
50 76
50 80
50 87
50 91
50 100
50 102
50 103
50 104
50 112
50 114
51 55
51 56
51 60
51 77
51 79
51 80
51 81
51 86
51 101
51 102
51 107
51 114
51 115
51 120
52 58
52 61
52 65
52 66
52 67
52 71
52 80
52 81
52 82
52 86
52 88
52 93
52 94
52 101
52 111
52 115
52 120
53 61
53 63
53 64
53 72
53 75
53 79
53 83
53 85
53 86
53 87
53 88
53 94
53 98
53 103
53 105
53 107
53 113
53 115
53 116
54 59
54 62
54 63
54 67
54 71
54 76
54 86
54 111
54 113
54 120
55 59
55 61
55 62
55 64
55 66
55 70
55 71
55 73
55 74
55 77
55 83
55 99
55 100
55 109
55 110
55 113
55 120
56 69
56 74
56 75
56 82
56 89
56 91
56 95
56 103
56 115
56 119
57 65
57 71
57 72
57 92
57 102
57 106
57 108
58 62
58 67
58 68
58 69
58 72
58 76
58 78
58 86
58 90
58 100
58 101
58 102
58 103
58 104
58 105
58 108
59 62
59 73
59 80
59 84
59 88
59 102
59 104
59 107
59 118
60 67
60 69
60 76
60 85
60 89
60 90
60 91
60 96
60 110
61 63
61 65
61 66
61 67
61 68
61 75
61 78
61 97
61 104
61 106
61 112
61 113
62 65
62 68
62 80
62 83
62 90
62 92
62 94
62 101
62 113
62 120
63 68
63 71
63 79
63 83
63 86
63 88
63 92
63 100
63 105
63 106
63 109
63 116
63 119
64 70
64 72
64 75
64 76
64 77
64 95
64 100
64 104
64 108
64 116
64 118
65 70
65 83
65 88
65 100
65 101
65 105
65 106
65 107
65 109
65 110
65 112
65 114
66 67
66 72
66 73
66 76
66 79
66 88
66 96
66 99
66 103
66 111
66 116
67 73
67 75
67 77
67 81
67 84
67 90
67 91
67 92
67 94
67 96
67 98
67 100
67 106
67 118
68 70
68 89
68 92
68 96
68 98
68 112
68 114
68 117
68 119
69 73
69 83
69 89
69 105
69 111
69 112
69 114
70 77
70 83
70 85
70 92
70 95
70 96
70 113
70 116
70 117
71 73
71 77
71 78
71 87
71 103
71 109
71 111
72 73
72 74
72 76
72 77
72 80
72 87
72 88
72 93
72 99
72 101
72 102
72 107
72 108
73 75
73 76
73 85
73 90
73 93
73 99
73 101
73 103
73 116
73 118
73 120
74 78
74 89
74 90
74 101
74 107
74 109
74 117
74 120
75 76
75 78
75 88
75 89
75 100
75 101
75 102
75 106
75 115
76 78
76 84
76 88
76 90
76 91
76 93
76 97
76 104
76 109
76 110
76 112
76 113
76 119
77 87
77 88
77 91
77 97
77 120
78 86
78 87
78 95
78 99
78 109
78 111
79 85
79 88
79 90
79 94
79 95
79 97
79 99
79 107
79 111
79 116
79 118
79 119
80 84
80 91
80 95
80 98
80 100
80 105
80 108
80 112
81 86
81 88
81 98
81 102
81 107
81 108
81 110
81 115
82 83
82 91
82 95
82 97
82 100
82 111
82 113
83 90
83 91
83 96
83 101
83 103
83 105
83 107
83 112
83 116
83 118
84 85
84 101
84 105
84 109
84 114
84 118
84 119
85 87
85 98
85 101
85 102
85 104
85 115
85 116
86 87
86 92
86 101
86 102
86 103
86 110
86 113
86 117
87 91
87 99
87 104
87 109
87 111
88 90
88 92
88 94
88 95
88 99
88 100
88 102
88 104
88 106
88 113
88 114
89 101
89 104
89 109
89 115
89 120
90 96
90 97
90 112
90 114
91 102
91 103
91 106
91 115
91 118
92 96
92 100
92 106
93 94
93 95
93 105
93 107
93 109
93 119
94 95
94 98
94 109
94 112
94 113
94 118
95 104
95 111
95 112
95 116
95 120
96 99
96 101
96 105
96 109
96 114
96 117
97 99
97 104
97 105
97 110
97 120
98 101
98 105
98 117
98 118
99 110
99 111
99 112
99 115
99 120
100 102
100 108
100 111
100 116
100 120
101 107
101 110
101 111
101 114
102 105
102 106
102 107
102 110
102 111
102 112
102 114
102 116
103 104
103 108
104 108
104 119
105 116
106 112
106 117
107 115
107 116
107 120
108 109
108 110
109 117
112 116
112 118
112 120
115 120
116 118
117 118
118 119
118 120
