n120_k150_A
120
120
150
398

42 69 67 57 93 90 38 36 45 42 33 79 27 57 44 84 86 92 46 38 85 33 82 73 49 70 59 23 57 72 74 69 33 42 28 46 30 64 29 74 41 49 55 98 80 32 25 38 82 30 35 39 57 84 62 50 55 27 30 36 20 78 47 26 45 41 58 98 91 96 73 84 37 93 91 43 73 85 81 79 71 80 76 83 41 78 70 23 42 87 43 84 60 55 49 78 73 62 36 44 94 69 32 96 70 84 58 78 25 80 58 66 83 24 98 60 42 43 43 39 

1 8
1 14
1 39
1 79
1 86
1 103
1 117
1 119
2 3
2 12
2 13
2 28
2 50
2 62
2 75
2 76
2 91
2 94
2 109
3 13
3 116
3 119
4 51
4 66
4 76
4 98
5 11
5 24
5 119
6 34
6 69
6 119
7 20
7 49
7 102
8 9
8 31
8 36
8 38
8 41
8 53
8 66
8 106
8 107
9 29
9 44
9 86
9 87
9 92
9 109
9 110
10 14
10 50
10 54
10 94
10 101
10 104
10 107
10 109
10 113
11 19
11 28
11 32
11 41
11 64
11 71
11 114
12 18
12 21
12 23
12 29
12 45
12 46
12 50
12 52
12 53
12 63
12 88
13 23
13 40
13 42
13 46
13 48
13 54
13 60
13 63
13 71
13 90
13 93
13 106
14 20
14 57
14 67
14 77
14 80
15 31
15 32
15 88
16 31
16 54
16 80
16 81
17 20
17 25
17 62
17 70
18 59
18 66
18 79
19 25
20 24
21 30
21 65
21 84
21 90
21 106
22 43
22 75
22 91
22 96
23 47
23 49
23 51
23 60
23 79
23 89
24 37
24 47
24 49
24 61
24 77
24 101
24 103
25 54
25 86
26 31
26 32
26 37
26 40
26 51
26 82
26 95
26 113
27 28
27 78
27 84
27 107
27 116
28 31
28 47
28 55
28 84
28 86
28 115
29 42
29 70
29 92
29 101
29 112
29 115
29 117
30 40
30 50
30 59
30 70
30 89
30 94
31 44
31 65
31 74
31 86
31 103
32 37
32 68
32 79
32 116
33 38
33 46
33 85
33 106
34 88
34 112
34 116
34 119
35 44
35 60
35 61
35 64
35 81
35 82
35 86
35 108
36 53
37 50
37 55
37 83
37 87
37 104
37 106
37 114
38 49
38 88
38 111
39 42
39 52
39 79
39 86
39 109
39 112
40 52
40 70
40 87
41 44
41 48
41 50
41 52
41 72
41 83
41 105
41 110
41 111
41 113
42 43
42 76
42 79
42 90
43 50
43 71
43 108
44 66
44 89
44 119
45 67
45 70
45 81
45 85
45 105
46 85
46 88
46 92
46 99
46 104
46 115
46 117
46 120
47 54
47 62
47 69
47 79
47 99
48 64
48 116
49 61
49 64
49 74
50 91
50 100
51 80
51 107
51 115
52 65
52 66
52 80
52 86
52 93
52 101
52 115
52 120
53 61
53 87
53 98
53 105
53 107
54 67
54 76
54 111
54 113
55 61
55 66
55 70
55 74
56 89
56 91
57 65
57 92
57 106
57 108
58 67
58 72
58 86
59 62
59 73
59 118
60 89
61 65
61 78
61 106
62 65
62 113
62 120
63 86
63 88
64 95
64 118
65 70
65 101
65 110
66 73
66 103
67 77
67 81
67 84
67 92
67 98
67 118
68 70
68 119
69 83
69 111
70 77
70 83
70 85
71 87
71 109
72 73
72 74
72 76
72 93
72 99
72 107
72 108
73 75
73 93
74 117
75 78
75 100
75 101
75 115
76 91
76 119
77 87
77 88
78 87
79 88
80 84
80 95
80 98
80 105
80 112
81 88
82 83
82 97
82 100
82 111
82 113
83 90
83 105
83 112
85 87
85 98
85 101
85 116
86 102
86 103
86 110
86 117
87 91
87 99
87 104
87 109
88 92
88 94
89 115
91 115
93 105
93 109
94 95
94 112
96 109
96 117
97 99
97 105
97 110
98 101
99 111
99 120
100 111
101 110
101 111
102 105
102 107
103 104
103 108
104 119
107 116
112 116
115 120
116 118
