n30_k150_B
30
30
150
106

97 57 81 62 75 81 23 43 50 38 60 58 70 88 36 90 37 45 45 39 44 53 70 24 82 81 47 97 35 65 

1 5
1 8
1 14
1 17
1 27
1 28
2 4
2 5
2 8
2 9
2 11
2 12
2 22
3 8
3 17
3 24
3 28
3 29
3 30
4 5
4 14
4 15
4 16
4 19
4 22
4 24
5 11
5 13
5 14
5 15
5 21
5 24
5 25
5 30
6 7
6 11
6 13
6 16
6 18
7 9
7 11
7 14
7 15
7 21
7 23
7 27
8 9
8 14
8 17
8 18
8 19
8 25
9 11
9 12
9 13
9 16
9 20
9 26
9 28
10 11
10 12
10 13
10 23
10 24
10 25
10 26
10 29
11 13
11 14
11 20
12 16
12 18
12 22
12 24
12 25
12 27
13 15
13 27
14 16
14 21
14 30
15 17
15 24
16 21
16 28
16 30
17 23
17 26
17 30
18 19
18 20
18 25
18 26
18 29
18 30
19 25
20 24
20 27
21 26
22 24
23 24
24 26
25 26
25 28
26 27
27 28
