n400_k200_A
400
400
200
4744

36 26 36 43 26 30 41 28 29 49 25 25 47 25 27 37 26 36 47 25 27 47 25 26 44 25 29 43 27 28 44 27 28 41 26 32 36 27 36 35 27 37 46 26 27 35 29 35 39 25 35 35 30 34 45 25 29 41 27 31 40 26 33 36 27 36 35 29 35 48 25 26 44 25 29 37 26 35 36 28 35 47 25 26 42 25 32 43 25 31 47 25 27 49 25 25 49 25 25 44 25 30 41 26 32 40 29 30 36 28 35 40 25 33 39 29 31 48 25 26 36 27 35 35 26 38 47 25 27 46 25 27 42 28 29 49 25 25 39 25 35 48 25 26 44 27 28 39 27 33 35 26 38 49 25 25 43 25 30 47 25 27 41 25 33 49 25 25 48 25 25 48 25 26 41 28 29 46 25 28 38 26 34 49 25 25 46 26 27 49 25 25 42 26 31 44 27 28 39 29 31 49 25 25 49 25 25 36 27 35 49 25 25 40 25 34 44 25 30 48 25 26 37 29 33 42 27 30 39 29 31 47 25 27 48 25 26 48 25 26 36 29 34 42 26 31 40 27 31 39 26 34 43 27 29 48 25 25 46 25 28 46 25 28 44 26 28 45 27 27 44 27 28 47 25 26 41 26 31 45 26 27 39 25 35 49 25 25 41 26 32 36 28 34 37 27 34 35 26 38 40 25 34 49 25 25 47 25 26 43 28 28 49 25 25 42 27 30 40 25 34 41 25 32 44 27 28 48 25 25 39 26 34 49 25 25 48 25 25 36 25 37 42 27 30 36 29 34 37 28 33 39 25 35 38 27 34 48 25 26 36 29 34 43 26 29 46 26 27 37 30 32 44 27 28 42 27 30 35 30 33 42 25 31 41 25 33 37 28 33 35 27 37 46 25 28 45 25 28 49

1 8
1 14
1 39
1 79
1 86
1 103
1 117
1 119
1 121
1 130
1 131
1 146
1 168
1 180
1 193
1 194
1 209
1 212
1 227
1 248
1 351
1 354
2 4
2 19
2 29
2 51
2 79
2 92
2 187
2 216
2 251
2 301
2 315
2 344
2 397
3 19
3 41
3 46
3 48
3 51
3 63
3 76
3 116
3 117
3 150
3 165
3 207
3 208
3 213
3 230
3 231
3 245
3 281
3 285
3 325
3 332
3 335
3 338
3 340
3 344
3 359
3 368
3 372
3 381
4 8
4 15
4 58
4 70
4 73
4 75
4 81
4 97
4 98
4 102
4 104
4 105
4 115
4 140
4 182
4 199
4 201
4 205
4 207
4 213
4 219
4 222
4 230
4 249
4 252
4 265
4 285
4 322
4 332
4 342
4 345
5 6
5 7
5 63
5 110
5 133
5 159
5 160
5 202
5 207
5 244
5 252
5 343
5 350
5 363
6 16
6 115
6 220
6 255
6 274
6 280
6 296
6 331
6 363
6 379
6 384
7 39
7 41
7 43
7 52
7 71
7 81
7 125
7 135
7 137
7 149
7 165
7 189
7 191
7 237
7 269
7 308
7 309
7 314
7 317
7 328
7 359
7 372
7 390
7 398
8 56
8 62
8 85
8 94
8 101
8 117
8 125
8 154
8 156
8 185
8 203
8 231
8 253
8 262
8 273
8 276
8 278
8 291
8 301
8 310
8 321
8 340
8 345
8 384
9 14
9 23
9 35
9 52
9 74
9 105
9 116
9 153
9 162
9 170
9 209
9 230
9 298
9 322
9 326
9 329
9 339
9 355
9 356
9 359
9 376
9 377
9 381
10 13
10 42
10 122
10 127
10 155
10 159
10 176
10 178
10 186
10 203
10 242
10 265
10 277
10 287
10 314
10 321
10 344
10 347
10 367
10 385
11 13
11 49
11 53
11 55
11 57
11 77
11 88
11 110
11 115
11 116
11 118
11 126
11 159
11 162
11 173
11 210
11 231
11 268
11 302
11 325
11 355
11 378
11 381
11 392
11 396
12 28
12 82
12 85
12 89
12 96
12 101
12 112
12 114
12 117
12 124
12 132
12 139
12 149
12 169
12 206
12 258
12 274
12 277
12 287
12 374
12 383
13 45
13 72
13 80
13 98
13 99
13 113
13 119
13 126
13 134
13 148
13 153
13 161
13 187
13 198
13 205
13 207
13 233
13 242
13 277
13 279
13 292
13 297
13 301
13 305
13 384
13 386
14 37
14 64
14 78
14 80
14 101
14 106
14 120
14 157
14 168
14 213
14 244
14 279
14 292
14 320
14 337
14 385
14 392
15 30
15 32
15 95
15 118
15 125
15 156
15 165
15 182
15 212
15 239
15 243
15 246
15 254
15 260
15 280
15 284
15 333
15 348
15 376
15 392
15 398
15 400
16 67
16 89
16 101
16 102
16 104
16 121
16 127
16 135
16 136
16 150
16 168
16 238
16 244
16 266
16 267
16 281
16 301
16 329
16 340
16 341
16 382
17 41
17 77
17 88
17 91
17 98
17 105
17 120
17 153
17 167
17 170
17 181
17 183
17 197
17 212
17 219
17 265
17 276
17 279
17 294
17 314
17 315
17 322
17 329
17 336
17 344
17 349
17 354
17 369
17 371
18 41
18 100
18 145
18 149
18 161
18 178
18 224
18 232
18 237
18 243
18 248
18 261
18 292
18 301
18 312
18 330
18 331
18 343
18 345
18 359
18 363
18 390
19 48
19 98
19 120
19 122
19 138
19 249
19 250
19 251
19 256
19 268
19 279
19 313
19 316
19 320
19 364
19 365
19 373
19 374
19 390
20 81
20 85
20 86
20 99
20 109
20 162
20 202
20 209
20 215
20 225
20 227
20 244
20 248
20 260
20 278
20 280
20 319
20 345
20 347
20 348
20 356
20 383
21 59
21 61
21 66
21 73
21 77
21 78
21 100
21 156
21 163
21 168
21 187
21 207
21 224
21 231
21 264
21 286
21 296
21 304
21 306
21 309
21 323
21 327
21 329
21 335
21 338
21 387
22 27
22 48
22 54
22 103
22 124
22 127
22 137
22 144
22 147
22 164
22 175
22 176
22 186
22 193
22 200
22 202
22 206
22 217
22 225
22 227
22 229
22 240
22 248
22 255
22 302
22 309
22 357
22 370
22 381
23 26
23 45
23 67
23 69
23 87
23 189
23 196
23 231
23 245
23 257
23 307
23 313
23 334
23 383
23 388
24 41
24 44
24 60
24 115
24 116
24 118
24 128
24 136
24 138
24 149
24 159
24 162
24 174
24 180
24 184
24 189
24 203
24 225
24 255
24 289
24 297
24 309
24 310
24 317
24 345
24 348
24 351
24 367
24 373
24 389
24 390
25 39
25 74
25 82
25 139
25 153
25 160
25 168
25 186
25 211
25 238
25 323
25 358
25 375
25 380
26 52
26 53
26 104
26 115
26 117
26 124
26 132
26 171
26 208
26 209
26 225
26 233
26 261
26 313
26 317
26 352
26 382
26 396
27 39
27 59
27 102
27 137
27 195
27 204
27 254
27 278
27 280
27 299
27 304
27 309
27 310
27 317
27 325
27 335
28 46
28 62
28 63
28 67
28 69
28 86
28 87
28 116
28 141
28 145
28 182
28 191
28 210
28 250
28 254
28 275
28 282
28 289
28 299
28 325
28 344
28 387
28 389
29 46
29 57
29 76
29 85
29 125
29 156
29 160
29 189
29 194
29 199
29 200
29 218
29 219
29 238
29 268
29 271
29 280
29 300
29 307
29 353
29 386
29 390
29 399
30 45
30 100
30 103
30 132
30 144
30 157
30 187
30 213
30 216
30 242
30 258
30 269
30 282
30 290
30 349
30 355
30 374
30 380
30 391
31 64
31 96
31 151
31 176
31 178
31 182
31 195
31 269
31 292
31 296
31 298
31 318
31 322
31 331
31 339
31 358
31 360
32 43
32 50
32 60
32 64
32 82
32 92
32 106
32 114
32 192
32 199
32 238
32 252
32 255
32 273
32 282
32 303
32 317
32 348
32 355
32 386
33 42
33 65
33 94
33 110
33 130
33 133
33 168
33 175
33 179
33 189
33 210
33 212
33 215
33 238
33 247
33 283
33 295
33 306
33 315
33 317
33 341
33 361
33 370
33 396
34 40
34 63
34 86
34 91
34 105
34 107
34 130
34 140
34 162
34 168
34 170
34 244
34 245
34 256
34 313
34 331
34 334
35 41
35 44
35 78
35 121
35 129
35 148
35 159
35 163
35 171
35 188
35 194
35 199
35 213
35 218
35 239
35 245
35 260
35 282
35 293
35 303
35 306
35 318
35 348
35 368
35 384
35 392
36 39
36 69
36 70
36 95
36 134
36 143
36 149
36 162
36 188
36 205
36 233
36 240
36 247
36 252
36 272
36 273
36 307
36 321
36 331
36 347
36 366
36 379
36 392
37 41
37 46
37 50
37 52
37 68
37 114
37 129
37 135
37 160
37 187
37 197
37 204
37 221
37 226
37 227
37 258
37 263
37 270
37 276
37 279
37 294
37 309
37 325
37 337
37 360
37 365
38 57
38 61
38 90
38 91
38 92
38 93
38 110
38 166
38 176
38 186
38 197
38 198
38 207
38 222
38 229
38 251
38 255
38 271
38 294
38 299
38 300
38 305
38 318
38 319
38 320
38 342
38 386
39 47
39 50
39 147
39 159
39 161
39 168
39 235
39 269
39 271
39 280
39 288
39 296
39 305
39 323
39 328
39 338
39 343
39 345
39 378
40 53
40 81
40 113
40 120
40 130
40 152
40 154
40 173
40 200
40 216
40 217
40 276
40 296
40 300
40 303
40 309
40 324
40 327
40 335
40 342
40 345
40 347
40 360
40 379
40 382
41 132
41 141
41 150
41 169
41 195
41 249
41 270
41 295
41 314
41 326
41 329
41 339
41 351
41 378
42 50
42 66
42 75
42 79
42 90
42 97
42 129
42 133
42 142
42 192
42 211
42 217
42 247
42 248
42 281
42 289
42 292
42 316
42 330
42 340
42 343
42 365
42 371
42 373
42 377
43 54
43 63
43 90
43 117
43 129
43 133
43 152
43 161
43 177
43 182
43 199
43 200
43 202
43 219
43 222
43 264
43 291
43 316
43 354
44 59
44 67
44 68
44 99
44 161
44 182
44 201
44 236
44 250
44 285
44 296
44 298
44 317
44 329
44 330
44 348
44 356
44 361
44 387
45 59
45 91
45 111
45 134
45 142
45 206
45 254
45 287
45 294
45 299
45 314
45 326
45 337
45 342
45 346
45 354
45 371
45 376
46 64
46 84
46 89
46 107
46 132
46 151
46 232
46 244
46 252
46 261
46 273
46 278
46 282
46 289
46 327
46 371
46 374
46 376
47 56
47 60
47 74
47 121
47 168
47 185
47 190
47 200
47 208
47 234
47 246
47 264
47 309
47 324
47 348
47 372
48 85
48 111
48 120
48 139
48 148
48 160
48 166
48 167
48 171
48 176
48 177
48 182
48 198
48 212
48 238
48 246
48 248
48 263
48 289
48 303
48 304
48 322
48 331
48 381
49 69
49 79
49 117
49 141
49 150
49 158
49 168
49 175
49 180
49 196
49 199
49 212
49 224
49 235
49 237
49 263
49 282
49 284
49 296
49 332
49 341
49 357
49 369
49 387
50 56
50 64
50 94
50 131
50 162
50 171
50 178
50 179
50 186
50 218
50 255
50 266
50 277
50 325
50 341
50 351
50 388
50 391
51 107
51 118
51 161
51 176
51 178
51 180
51 203
51 221
51 260
51 265
51 268
51 284
51 295
51 314
51 326
51 337
51 338
51 339
51 348
51 367
51 370
51 386
52 57
52 88
52 93
52 123
52 139
52 155
52 158
52 161
52 163
52 169
52 186
52 205
52 228
52 235
52 277
52 288
52 303
52 304
52 316
52 321
52 339
52 392
52 397
53 62
53 70
53 100
53 115
53 122
53 127
53 145
53 156
53 158
53 159
53 176
53 177
53 180
53 201
53 214
53 224
53 226
53 245
53 254
53 275
53 287
53 293
53 324
53 356
53 392
53 395
54 74
54 76
54 81
54 87
54 92
54 124
54 128
54 149
54 162
54 169
54 189
54 194
54 198
54 210
54 225
54 230
54 241
54 247
54 249
54 260
54 269
54 275
54 282
54 304
54 311
54 341
54 351
54 352
54 358
54 388
55 65
55 125
55 143
55 147
55 148
55 161
55 176
55 185
55 242
55 263
55 273
55 296
55 313
55 316
55 319
55 329
55 340
55 345
55 346
55 350
55 393
56 62
56 69
56 86
56 109
56 120
56 135
56 140
56 157
56 158
56 165
56 205
56 216
56 226
56 267
56 275
56 281
56 321
56 343
56 358
56 368
57 126
57 128
57 175
57 181
57 184
57 221
57 235
57 245
57 367
57 378
57 390
58 64
58 69
58 85
58 100
58 136
58 158
58 159
58 192
58 200
58 237
58 244
58 262
58 281
58 294
58 297
58 300
58 326
58 332
58 357
58 381
59 63
59 104
59 113
59 117
59 125
59 126
59 153
59 171
59 174
59 184
59 191
59 215
59 268
59 320
59 334
59 351
59 390
60 64
60 73
60 96
60 98
60 99
60 105
60 125
60 154
60 169
60 205
60 212
60 224
60 226
60 232
60 262
60 293
60 304
60 329
60 379
61 64
61 80
61 95
61 128
61 154
61 155
61 158
61 161
61 170
61 173
61 187
61 193
61 200
61 209
61 239
61 247
61 256
61 278
61 280
61 282
61 329
61 330
61 361
61 368
61 377
61 384
61 393
61 396
62 84
62 97
62 101
62 104
62 125
62 128
62 159
62 182
62 184
62 211
62 228
62 232
62 256
62 271
62 272
62 281
62 286
62 287
62 302
62 303
62 316
62 318
62 335
62 343
62 354
63 75
63 88
63 95
63 131
63 146
63 172
63 181
63 183
63 213
63 252
63 273
63 277
63 283
63 290
63 294
63 307
63 315
63 348
64 73
64 94
64 102
64 118
64 126
64 130
64 144
64 166
64 179
64 209
64 261
64 293
64 296
64 302
64 348
64 354
64 364
64 392
65 94
65 129
65 133
65 158
65 160
65 163
65 165
65 211
65 218
65 261
65 287
65 319
65 354
65 357
65 381
66 69
66 72
66 122
66 126
66 193
66 211
66 214
66 220
66 221
66 237
66 255
66 277
66 278
66 298
66 322
66 323
66 324
66 326
66 344
66 386
66 400
67 75
67 115
67 149
67 164
67 189
67 230
67 236
67 246
67 355
67 383
67 389
68 74
68 78
68 82
68 85
68 104
68 105
68 128
68 138
68 148
68 192
68 197
68 222
68 246
68 252
68 255
68 257
68 263
68 270
68 278
68 295
68 297
68 318
68 323
68 339
68 347
68 360
68 367
68 387
68 388
69 73
69 88
69 103
69 104
69 107
69 108
69 109
69 113
69 153
69 156
69 161
69 172
69 193
69 198
69 202
69 225
69 235
69 241
69 270
69 276
69 281
69 293
69 352
69 361
69 372
69 394
70 71
70 72
70 73
70 81
70 93
70 129
70 137
70 181
70 182
70 242
70 248
70 277
70 281
70 306
70 319
70 322
70 328
70 351
70 378
70 383
70 392
70 393
71 77
71 94
71 126
71 127
71 139
71 181
71 225
71 255
71 257
71 262
71 270
71 290
71 294
71 305
71 349
71 358
71 363
71 384
72 132
72 135
72 169
72 175
72 202
72 223
72 230
72 242
72 267
72 285
72 288
72 325
72 332
72 333
72 358
72 368
72 374
72 377
72 384
72 396
73 87
73 88
73 105
73 117
73 122
73 141
73 190
73 203
73 215
73 244
73 247
73 271
73 303
73 316
73 331
73 339
73 354
73 369
73 375
74 84
74 95
74 122
74 143
74 147
74 168
74 170
74 196
74 200
74 218
74 232
74 241
74 244
74 275
74 277
74 313
74 329
74 345
74 348
74 374
74 383
74 391
75 103
75 134
75 206
75 232
75 240
75 244
75 269
75 280
75 303
75 321
75 326
75 336
75 345
75 359
75 366
75 392
76 89
76 105
76 150
76 164
76 206
76 218
76 266
76 295
76 299
76 311
76 312
76 324
76 331
76 341
76 387
76 396
77 102
77 124
77 159
77 165
77 168
77 179
77 188
77 191
77 214
77 231
77 237
77 261
77 287
77 294
77 297
77 322
77 355
78 86
78 112
78 125
78 185
78 192
78 206
78 227
78 235
78 262
78 282
78 287
78 299
78 310
78 325
78 334
78 349
78 351
78 357
78 359
78 367
78 373
78 378
79 83
79 93
79 121
79 123
79 138
79 143
79 172
79 181
79 183
79 186
79 192
79 200
79 220
79 244
79 256
79 264
79 282
79 293
79 311
79 328
79 334
79 345
79 347
79 375
80 87
80 106
80 122
80 192
80 199
80 214
80 221
80 228
80 237
80 238
80 246
80 252
80 280
80 298
80 314
80 346
80 352
80 354
80 378
80 391
80 396
81 89
81 120
81 126
81 215
81 247
81 260
81 272
81 274
81 283
81 305
81 335
81 356
81 360
81 367
81 384
82 119
82 154
82 173
82 176
82 180
82 198
82 206
82 212
82 251
82 253
82 261
82 282
82 287
82 294
82 319
82 327
82 336
82 342
82 346
82 379
82 380
82 391
83 92
83 95
83 106
83 108
83 130
83 152
83 153
83 168
83 169
83 170
83 235
83 248
83 249
83 260
83 290
83 308
83 312
83 320
83 354
83 367
83 390
84 96
84 119
84 123
84 142
84 155
84 159
84 164
84 201
84 234
84 246
84 281
84 293
84 300
84 324
84 396
85 88
85 140
85 142
85 145
85 152
85 156
85 168
85 200
85 203
85 214
85 229
85 246
85 252
85 267
85 274
85 285
85 322
86 87
86 98
86 138
86 147
86 177
86 182
86 183
86 213
86 242
86 264
86 316
86 323
86 334
86 337
86 341
86 348
87 97
87 99
87 112
87 165
87 170
87 171
87 173
87 179
87 181
87 208
87 209
87 238
87 245
87 248
87 266
87 286
87 326
87 344
87 376
88 146
88 162
88 184
88 207
88 213
88 234
88 248
88 263
88 271
88 289
88 301
88 307
88 338
89 155
89 169
89 181
89 230
89 244
89 256
89 260
89 325
89 340
89 348
89 359
89 379
90 96
90 103
90 121
90 168
90 196
90 201
90 218
90 228
90 246
90 271
90 272
90 273
90 286
90 319
90 336
90 386
91 100
91 110
91 124
91 125
91 192
91 207
91 216
91 218
91 226
91 239
91 242
91 254
91 273
91 321
91 328
91 336
91 352
91 358
91 370
91 374
91 379
92 107
92 146
92 155
92 161
92 188
92 192
92 196
92 215
92 272
92 286
92 291
92 293
92 315
92 318
92 319
92 331
92 337
92 359
92 365
92 367
92 389
93 117
93 143
93 164
93 173
93 179
93 183
93 204
93 217
93 234
93 251
93 318
93 328
93 361
93 380
93 395
93 396
94 101
94 103
94 114
94 178
94 179
94 205
94 214
94 236
94 250
94 304
94 307
94 310
94 321
94 322
94 337
94 339
94 351
94 366
94 400
95 103
95 125
95 237
95 266
95 285
95 297
95 304
95 312
95 328
95 341
95 370
95 386
95 387
95 389
96 116
96 119
96 120
96 177
96 195
96 217
96 240
96 248
96 280
96 292
96 293
96 296
96 314
96 340
96 356
96 377
97 106
97 108
97 110
97 113
97 131
97 133
97 135
97 156
97 158
97 173
97 198
97 211
97 224
97 229
97 242
97 244
97 247
97 276
97 284
97 286
97 292
97 305
97 313
97 314
97 327
97 339
97 344
97 349
97 356
97 357
97 389
97 397
98 126
98 158
98 160
98 178
98 185
98 194
98 229
98 250
98 273
98 279
98 284
98 313
98 336
98 340
98 341
98 364
98 369
98 378
98 381
99 102
99 128
99 170
99 194
99 217
99 239
99 244
99 248
99 253
99 272
99 295
99 298
99 300
99 301
99 325
99 348
99 374
100 131
100 136
100 150
100 152
100 185
100 186
100 211
100 218
100 252
100 264
100 265
100 272
100 279
100 314
100 340
101 102
101 106
101 143
101 147
101 153
101 165
101 168
101 196
101 197
101 202
101 207
101 227
101 248
101 251
101 261
101 286
101 291
101 321
101 353
101 385
102 112
102 117
102 142
102 153
102 161
102 176
102 179
102 187
102 210
102 222
102 232
102 240
102 287
102 294
102 310
102 319
102 322
102 328
102 359
102 369
103 108
103 111
103 131
103 166
103 173
103 181
103 183
103 185
103 210
103 227
103 252
103 286
103 303
103 323
103 337
103 340
103 349
103 361
104 114
104 116
104 170
104 184
104 214
104 216
104 237
104 241
104 252
104 258
104 287
104 289
104 293
104 299
104 302
104 382
104 391
104 394
104 398
105 106
105 114
105 141
105 148
105 172
105 178
105 198
105 205
105 225
105 228
105 251
105 297
105 299
105 300
105 304
105 310
105 319
105 333
105 340
105 347
105 363
106 177
106 236
106 256
106 290
106 295
106 297
106 303
106 311
106 317
106 331
106 374
106 392
107 113
107 166
107 169
107 171
107 192
107 203
107 229
107 237
107 238
107 239
107 298
107 320
107 323
107 354
107 365
107 368
107 380
108 136
108 137
108 167
108 172
108 181
108 231
108 264
108 269
108 306
108 339
108 347
108 359
108 387
108 391
109 131
109 144
109 151
109 186
109 194
109 198
109 221
109 224
109 228
109 231
109 247
109 275
109 278
109 299
109 303
109 313
109 316
109 325
109 327
109 357
109 363
110 141
110 151
110 173
110 174
110 185
110 188
110 213
110 250
110 325
110 338
110 347
110 367
111 134
111 144
111 161
111 176
111 178
111 201
111 204
111 208
111 209
111 230
111 232
111 238
111 273
111 290
111 310
111 312
111 330
111 350
111 352
111 369
111 374
111 388
111 394
112 147
112 150
112 156
112 159
112 172
112 197
112 199
112 217
112 218
112 224
112 257
112 258
112 259
112 260
112 285
112 326
112 331
112 340
112 361
112 362
112 363
112 386
112 387
113 142
113 152
113 157
113 177
113 205
113 291
113 332
113 367
113 376
113 393
114 135
114 137
114 141
114 151
114 164
114 166
114 193
114 196
114 209
114 219
114 231
114 272
114 321
114 326
114 327
114 340
114 348
114 359
114 391
114 399
115 145
115 148
115 156
115 165
115 172
115 181
115 259
115 279
115 282
115 293
115 354
116 122
116 195
116 196
116 204
116 234
116 239
116 258
116 263
116 285
116 342
116 360
116 380
116 390
117 122
117 130
117 133
117 155
117 159
117 164
117 199
117 211
117 212
117 229
117 261
117 262
117 266
117 271
117 306
117 312
117 340
117 362
117 399
117 400
118 130
118 139
118 178
118 279
118 306
118 308
118 320
118 324
118 381
118 390
119 128
119 133
119 134
119 138
119 166
119 180
119 218
119 221
119 225
119 246
119 250
119 269
119 271
119 317
119 336
119 337
119 350
119 353
119 362
119 375
119 380
120 139
120 159
120 177
120 196
120 199
120 263
120 278
120 280
120 297
120 315
120 316
120 319
120 328
120 348
120 364
120 371
120 385
121 204
121 229
121 232
121 239
121 244
121 254
121 255
121 260
121 361
121 368
121 381
122 134
122 145
122 190
122 202
122 203
122 217
122 222
122 232
122 261
122 262
122 263
122 264
122 291
122 300
122 304
122 352
122 356
122 386
123 124
123 131
123 137
123 156
123 178
123 180
123 188
123 206
123 228
123 238
123 288
123 338
123 349
123 359
123 368
123 377
124 137
124 148
124 167
124 176
124 190
124 193
124 226
124 231
124 257
124 264
124 305
124 315
124 320
124 340
124 373
124 380
125 127
125 135
125 165
125 171
125 205
125 211
125 259
125 260
125 270
125 276
125 283
125 289
125 310
125 348
125 352
125 393
126 128
126 150
126 169
126 172
126 176
126 194
126 207
126 216
126 225
126 246
126 267
126 272
126 273
126 306
126 336
126 353
126 359
126 364
126 383
126 386
127 154
127 166
127 171
127 201
127 205
127 208
127 284
127 287
127 309
127 312
127 359
127 371
127 381
127 399
128 130
128 133
128 135
128 162
128 165
128 194
128 210
128 213
128 216
128 269
128 299
128 305
128 312
128 398
129 135
129 151
129 157
129 185
129 200
129 201
129 212
129 215
129 240
129 249
129 292
129 303
129 309
129 319
129 330
129 340
129 343
129 347
129 354
129 357
129 384
129 390
129 391
129 396
130 140
130 151
130 161
130 163
130 175
130 187
130 188
130 202
130 204
130 210
130 213
130 254
130 272
130 279
130 292
130 296
130 337
130 338
130 342
130 369
131 143
131 145
131 216
131 229
131 237
131 258
131 270
131 288
131 310
131 328
131 347
131 362
132 145
132 152
132 172
132 191
132 215
132 246
132 285
132 289
132 325
132 332
132 336
132 346
132 350
132 377
132 379
133 174
133 178
133 181
133 183
133 213
133 258
133 281
133 319
133 326
133 329
133 331
133 339
133 367
133 384
133 395
134 137
134 153
134 200
134 219
134 239
134 248
134 265
134 282
134 299
134 319
134 324
134 333
134 342
134 395
135 142
135 161
135 168
135 183
135 193
135 205
135 207
135 259
135 260
135 262
135 281
135 288
135 308
135 313
135 331
135 366
135 383
135 386
135 397
136 142
136 144
136 153
136 175
136 182
136 186
136 187
136 197
136 198
136 212
136 225
136 239
136 258
136 259
136 265
136 283
136 303
136 321
136 361
136 362
136 370
136 394
137 139
137 165
137 176
137 194
137 209
137 211
137 224
137 226
137 231
137 233
137 247
137 255
137 261
137 271
137 288
137 304
137 307
137 346
137 365
137 375
137 386
138 167
138 177
138 188
138 190
138 192
138 199
138 244
138 255
138 280
138 282
138 298
138 323
138 352
138 358
138 364
138 374
138 381
138 383
139 145
139 156
139 174
139 188
139 196
139 200
139 201
139 202
139 214
139 217
139 221
139 240
139 246
139 289
139 304
139 308
139 314
139 353
139 357
139 358
139 369
140 145
140 156
140 174
140 187
140 191
140 192
140 196
140 204
140 230
140 241
140 253
140 261
140 284
140 292
140 307
140 311
140 322
140 339
140 353
140 358
140 361
140 370
140 375
140 377
140 378
141 161
141 170
141 173
141 176
141 177
141 194
141 217
141 222
141 234
141 280
141 334
141 356
141 359
141 362
141 370
141 399
142 161
142 163
142 210
142 217
142 222
142 254
142 268
142 336
142 355
142 360
142 375
142 381
142 391
142 392
143 169
143 209
143 227
143 244
143 296
143 328
143 329
143 336
143 382
144 159
144 202
144 204
144 221
144 227
144 229
144 238
144 271
144 272
144 280
144 294
144 333
144 346
144 349
144 389
144 398
145 147
145 148
145 167
145 195
145 206
145 211
145 232
145 249
145 288
145 298
145 305
145 322
145 333
145 361
145 376
145 393
146 151
146 153
146 155
146 214
146 252
146 253
146 257
146 281
146 303
146 372
147 149
147 163
147 173
147 177
147 193
147 204
147 208
147 219
147 220
147 249
147 318
147 326
147 336
147 372
147 386
148 158
148 161
148 167
148 174
148 197
148 214
148 220
148 224
148 238
148 239
148 244
148 246
148 262
148 291
148 305
148 310
148 316
148 328
148 345
148 361
148 367
149 216
149 241
149 257
149 278
149 292
149 331
149 349
149 380
149 390
149 393
149 394
149 395
150 175
150 245
150 273
150 276
150 296
150 317
150 323
150 333
150 345
151 168
151 181
151 224
151 225
151 249
151 269
151 273
151 286
151 291
151 320
151 341
151 356
152 157
152 160
152 167
152 198
152 259
152 275
152 291
152 311
152 318
152 333
152 334
152 344
152 389
152 399
153 172
153 174
153 193
153 208
153 211
153 229
153 257
153 260
153 261
153 263
153 270
153 290
153 296
153 308
153 313
153 316
153 357
153 370
153 391
154 155
154 158
154 192
154 253
154 284
154 286
154 297
154 302
154 309
154 320
154 370
154 376
154 381
154 383
154 384
155 168
155 210
155 226
155 237
155 265
155 275
155 277
155 283
155 296
155 298
155 314
155 318
155 322
155 353
155 366
155 388
155 391
156 159
156 190
156 207
156 211
156 222
156 226
156 300
156 375
156 376
156 382
156 383
157 175
157 197
157 210
157 223
157 231
157 253
157 269
157 295
157 305
157 318
157 323
157 341
157 348
157 354
157 355
157 359
157 398
158 179
158 185
158 192
158 214
158 234
158 240
158 245
158 247
158 281
158 336
158 344
158 350
158 362
158 398
159 192
159 213
159 216
159 241
159 255
159 264
159 269
159 282
159 304
159 311
159 317
159 321
159 322
159 329
159 389
160 180
160 204
160 220
160 228
160 236
160 272
160 305
160 311
160 315
160 331
160 339
160 351
160 393
161 238
161 305
161 343
161 344
161 346
161 388
161 397
161 399
162 178
162 193
162 236
162 247
162 249
162 261
162 266
162 308
162 310
162 326
162 332
162 342
162 382
163 165
163 196
163 207
163 228
163 248
163 249
163 265
163 289
163 294
163 339
163 378
163 390
163 393
163 398
164 166
164 183
164 211
164 252
164 268
164 269
164 280
164 285
164 299
164 301
164 356
164 371
164 372
164 383
164 394
164 397
165 170
165 194
165 196
165 206
165 217
165 219
165 240
165 249
165 280
165 348
165 359
165 363
165 364
165 383
165 388
166 211
166 216
166 239
166 280
166 289
166 301
166 304
166 340
166 343
166 367
166 370
166 380
166 397
167 195
167 213
167 229
167 256
167 266
167 267
167 302
167 338
167 339
167 350
167 367
167 375
167 386
168 179
168 197
168 200
168 201
168 226
168 232
168 240
168 277
168 281
168 287
168 300
168 319
168 341
168 354
168 371
168 372
168 375
168 379
168 381
168 382
168 392
169 208
169 226
169 252
169 277
169 280
169 281
169 289
169 302
169 326
169 379
170 173
170 184
170 186
170 189
170 197
170 210
170 232
170 233
170 241
170 264
170 274
170 285
170 291
170 302
170 337
170 346
170 354
170 385
170 387
170 388
170 391
171 191
171 235
171 237
171 248
171 262
171 272
171 275
171 284
171 290
171 311
171 333
171 337
171 361
171 384
171 391
172 211
172 222
172 246
172 254
172 284
172 295
172 317
172 318
172 332
172 347
172 370
172 373
172 386
172 390
173 179
173 183
173 241
173 243
173 274
173 276
173 341
173 367
173 376
173 387
174 187
174 190
174 230
174 261
174 271
174 272
174 326
174 353
174 391
174 397
175 206
175 210
175 217
175 238
175 241
175 252
175 286
175 322
175 331
175 345
175 378
175 384
175 392
176 197
176 199
176 203
176 222
176 243
176 269
176 303
176 316
176 328
176 371
176 377
176 385
176 391
176 396
177 178
177 179
177 217
177 226
177 241
177 278
177 280
177 311
177 334
177 346
177 351
177 353
177 360
178 199
178 208
178 210
178 241
178 252
178 255
178 261
178 349
178 353
179 203
179 236
179 250
179 266
179 277
179 292
179 296
179 309
179 319
179 321
179 325
179 327
179 337
179 346
179 361
179 368
179 377
179 388
180 202
180 235
180 293
180 300
180 316
180 321
180 358
180 383
180 387
180 396
181 183
181 217
181 233
181 246
181 247
181 258
181 293
181 297
181 313
181 314
181 339
181 342
181 354
181 355
181 371
181 374
181 389
181 392
182 194
182 206
182 216
182 249
182 274
182 323
182 339
182 352
182 353
183 205
183 229
183 251
183 259
183 260
183 262
183 267
183 270
183 301
183 306
183 314
183 326
183 330
183 331
183 352
183 380
183 388
184 188
184 258
184 259
184 279
184 291
184 345
184 346
184 348
184 351
184 371
184 378
184 388
185 186
185 210
185 218
185 222
185 224
185 248
185 284
185 339
185 348
185 349
185 370
185 383
185 388
186 195
186 214
186 236
186 254
186 288
186 296
186 301
186 311
186 315
186 341
186 353
186 361
186 372
187 249
187 273
187 277
187 320
187 326
187 345
187 358
187 375
187 380
187 394
188 190
188 216
188 230
188 240
188 259
188 291
188 295
188 297
188 300
188 302
188 312
188 355
189 222
189 227
189 229
189 235
189 236
189 244
189 245
189 274
189 294
189 299
189 346
189 351
189 368
189 374
189 384
189 386
189 392
190 204
190 209
190 235
190 263
190 377
191 264
191 277
191 336
191 363
191 368
191 371
191 374
192 228
192 239
192 265
192 285
192 289
192 295
192 302
192 304
192 315
192 363
192 367
192 400
193 197
193 262
193 269
193 276
193 286
193 287
193 303
193 328
193 342
193 385
193 397
194 204
194 212
194 224
194 235
194 262
194 268
194 274
194 339
194 354
194 385
194 391
195 205
195 252
195 264
195 274
195 285
195 298
195 334
195 335
195 337
195 338
195 370
195 376
195 379
195 383
196 199
196 248
196 258
196 265
196 267
196 291
196 299
196 316
196 319
196 323
196 340
196 351
196 362
196 372
196 384
196 395
197 218
197 220
197 226
197 237
197 242
197 255
197 273
197 276
197 285
197 371
197 377
197 380
198 248
198 251
198 258
198 266
198 276
198 291
198 308
198 312
198 313
198 345
198 350
198 394
199 209
199 220
199 230
199 307
199 324
199 337
199 344
199 345
199 346
199 358
199 360
199 361
199 369
200 204
200 208
200 213
200 247
200 252
200 256
200 303
200 316
200 332
200 350
200 368
200 388
201 205
201 256
201 261
201 274
201 277
201 290
201 298
201 314
201 342
201 348
201 374
201 385
201 388
202 229
202 249
202 257
202 263
202 268
202 278
202 287
202 294
202 314
202 337
202 338
202 344
202 362
202 364
202 393
202 400
203 212
203 233
203 238
203 243
203 252
203 256
203 258
203 261
203 264
203 266
203 270
203 283
203 315
203 328
203 388
203 391
204 209
204 238
204 293
204 321
204 351
204 370
204 383
205 210
205 223
205 294
205 298
205 307
205 337
205 349
205 354
206 238
206 239
206 241
206 267
206 285
206 294
206 296
206 307
206 322
206 331
206 334
206 351
206 395
207 210
207 237
207 240
207 251
207 260
207 280
207 290
207 332
207 353
207 354
207 357
207 361
207 387
207 395
207 396
207 398
208 253
208 258
208 265
208 276
208 317
208 343
208 353
208 360
208 362
208 363
208 370
208 372
208 380
208 382
208 399
209 214
209 215
209 222
209 224
209 234
209 236
209 246
209 253
209 266
209 268
209 274
209 301
209 311
209 338
209 342
209 344
209 359
209 383
209 393
209 396
210 240
210 285
210 311
210 324
210 326
210 329
210 330
210 350
210 400
211 226
211 230
211 239
211 243
211 272
211 273
211 284
211 290
211 303
211 310
211 317
211 363
211 368
212 222
212 254
212 263
212 267
212 281
212 301
212 357
213 214
213 227
213 245
213 250
213 254
213 282
213 296
213 310
213 332
213 335
213 336
213 353
213 363
213 367
213 374
214 229
214 238
214 266
214 280
214 290
214 307
214 308
214 310
214 356
214 361
214 363
214 379
214 387
214 389
215 261
215 262
215 271
215 292
215 300
215 343
215 387
216 224
216 233
216 264
216 273
216 295
216 306
216 316
216 319
216 324
216 330
216 337
216 375
216 382
217 229
217 254
217 273
217 291
217 322
217 353
217 368
217 393
218 230
218 238
218 297
218 301
218 303
218 312
218 325
218 353
218 356
218 375
218 397
219 225
219 232
219 262
219 277
219 278
219 282
219 305
219 333
219 343
219 346
219 363
219 367
220 248
220 251
220 280
220 292
220 300
220 316
220 351
220 368
220 378
220 398
221 228
221 233
221 237
221 244
221 279
221 291
221 307
221 316
221 319
221 347
221 348
221 357
221 359
221 378
222 223
222 234
222 235
222 244
222 254
222 260
222 264
222 273
222 289
222 293
222 307
222 353
222 359
222 372
222 399
223 235
223 245
223 253
223 268
223 272
223 287
223 326
223 337
223 340
223 355
223 372
223 387
223 394
224 235
224 239
224 245
224 248
224 269
224 277
224 288
224 290
224 341
224 343
224 365
224 388
224 399
225 231
225 238
225 264
225 267
225 281
225 286
225 295
225 297
225 306
225 310
225 369
225 400
226 241
226 248
226 261
226 286
226 306
226 314
226 364
226 372
226 386
226 391
226 392
227 233
227 243
227 277
227 296
227 344
227 353
227 360
227 363
227 365
227 376
227 386
227 390
228 240
228 256
228 289
228 300
228 303
228 310
228 366
228 379
228 381
228 390
229 243
229 250
229 285
229 295
229 328
229 333
229 335
229 353
229 364
229 385
229 395
230 262
230 264
230 309
230 325
230 327
230 331
230 351
230 373
230 379
230 386
230 397
231 246
231 260
231 261
231 299
231 324
231 328
231 332
231 343
231 378
231 379
231 387
231 389
231 398
231 399
232 241
232 285
232 315
232 330
232 339
232 343
232 393
233 288
233 324
233 343
234 257
234 261
234 269
234 316
234 344
234 348
234 379
234 384
234 388
235 236
235 253
235 302
235 317
235 335
235 336
235 374
235 380
235 387
236 239
236 251
236 265
236 296
236 348
236 351
236 364
237 246
237 313
237 333
237 337
237 352
237 361
237 385
237 399
238 271
238 290
238 304
238 313
238 328
238 360
239 252
239 283
239 294
239 332
239 350
239 368
239 389
239 393
239 394
239 399
240 279
240 291
240 303
240 325
240 354
240 376
240 378
240 398
240 399
241 270
241 340
241 344
242 249
242 272
242 286
242 349
242 364
242 382
243 244
243 265
243 268
243 275
243 284
243 287
243 344
243 361
243 397
244 279
244 302
244 303
244 312
244 314
244 328
244 335
244 339
244 351
244 385
244 388
245 247
245 266
245 287
245 290
245 319
245 329
245 387
245 391
245 395
245 397
246 251
246 253
246 285
246 293
246 296
246 325
246 357
247 270
247 320
247 366
247 368
248 251
248 267
248 287
248 299
248 324
248 336
248 346
248 348
248 357
249 253
249 254
249 296
249 316
249 340
249 370
249 389
250 296
250 303
250 316
250 356
250 359
250 388
250 391
251 258
251 263
251 268
251 284
251 300
251 317
251 330
251 339
251 367
251 389
252 267
252 271
252 287
252 291
252 319
252 368
252 374
252 378
252 385
252 388
253 278
253 293
253 313
253 314
253 373
253 380
253 394
253 398
254 277
254 278
254 321
254 323
254 345
254 373
254 388
255 280
255 289
255 293
255 319
255 324
255 370
255 371
255 377
255 387
255 393
256 278
256 290
256 299
256 308
256 317
256 318
256 321
256 329
256 330
256 333
256 344
256 353
256 380
256 396
257 261
257 275
257 292
257 297
257 308
257 310
257 319
257 324
257 331
257 361
257 393
258 273
258 279
258 305
258 323
258 338
258 371
258 373
258 374
258 377
258 382
259 288
259 340
259 343
259 355
259 369
260 261
260 276
260 293
260 302
260 304
260 311
260 336
260 343
260 368
260 370
260 378
260 389
260 391
260 400
261 262
261 264
261 272
261 329
261 339
261 354
261 379
261 386
262 276
262 292
262 337
262 341
262 371
262 380
263 284
263 321
263 322
263 347
263 352
263 374
263 378
263 388
263 390
264 290
264 309
264 348
264 355
264 356
264 361
264 386
265 272
265 277
265 291
265 302
265 315
265 325
265 383
265 396
265 397
266 269
266 270
266 273
266 284
266 341
266 356
266 360
266 385
266 391
266 392
267 272
267 275
267 283
267 287
267 313
267 318
267 322
267 330
267 346
267 360
267 368
267 372
267 382
267 397
268 298
268 316
268 326
268 330
268 339
268 349
268 361
268 390
268 395
269 289
269 292
269 295
269 318
269 320
269 324
270 274
270 288
270 304
270 362
270 368
270 379
270 383
270 385
270 390
270 400
271 299
271 300
271 320
271 322
271 335
271 357
271 362
271 375
271 383
271 395
271 396
272 276
272 303
272 339
272 342
272 350
272 357
273 285
273 295
273 299
273 325
273 337
273 355
273 358
273 386
274 279
274 325
274 326
274 332
274 335
274 353
274 364
274 365
274 369
274 395
275 276
275 287
275 294
275 309
275 369
276 330
276 332
276 348
276 380
276 390
276 391
276 394
277 292
277 296
277 299
277 331
277 335
277 346
277 378
277 387
278 310
278 324
278 334
278 341
278 349
278 354
278 370
278 376
278 385
279 297
279 322
279 342
279 353
279 364
279 398
280 283
280 331
280 332
281 297
281 314
281 328
281 353
281 365
281 374
281 394
282 320
282 368
283 295
283 298
283 344
283 345
283 362
284 306
284 309
284 310
284 312
284 335
284 341
284 377
285 296
285 320
285 327
285 342
285 347
285 372
285 379
285 396
285 398
286 288
286 309
286 321
286 357
286 361
286 368
286 389
286 394
287 318
287 339
287 345
287 365
287 374
287 380
287 395
288 292
288 295
288 322
288 325
288 333
288 342
288 367
288 392
288 398
289 294
289 320
289 333
289 343
289 373
289 387
289 389
289 398
290 294
290 309
290 358
291 301
291 330
291 336
291 337
291 356
291 366
292 311
292 312
292 319
292 339
292 367
292 379
292 393
293 295
293 320
293 326
293 365
293 373
293 383
293 386
294 324
294 330
294 390
294 398
295 315
295 317
295 341
295 342
295 359
296 297
296 302
296 325
296 346
296 357
297 301
297 336
297 337
297 372
297 375
297 381
297 393
297 398
298 303
298 330
298 334
298 337
298 364
298 397
299 320
299 326
299 349
299 368
300 304
300 320
300 324
300 370
300 371
300 392
301 313
301 335
301 341
301 348
301 381
301 388
301 390
301 394
301 399
302 303
302 309
302 314
302 331
302 339
302 353
302 367
302 377
302 391
303 333
303 342
303 364
303 385
303 388
303 391
304 313
304 336
304 345
304 351
304 391
305 323
305 378
305 381
305 386
305 391
306 332
306 360
306 367
306 375
306 377
307 324
307 326
307 337
307 347
307 354
307 361
307 371
307 400
308 319
308 328
308 348
308 375
308 380
308 388
309 356
309 388
309 390
310 344
310 346
310 381
310 387
310 395
311 328
311 343
312 344
312 345
312 353
312 379
312 381
312 383
312 384
313 329
313 346
313 354
313 387
314 322
314 348
314 359
314 373
314 386
315 336
315 351
315 364
315 381
315 386
316 334
316 350
316 352
316 355
316 368
316 372
316 382
316 395
317 320
317 337
317 395
317 397
318 332
318 340
318 346
318 347
318 355
318 369
318 374
319 322
319 332
319 339
319 361
319 375
319 376
319 378
319 380
320 323
320 337
320 353
320 372
321 327
321 360
321 386
322 345
322 366
322 384
322 386
323 325
323 332
323 345
323 370
323 376
323 390
324 353
324 369
324 374
324 375
324 387
325 345
325 354
325 358
325 379
326 327
326 342
326 355
326 359
326 368
326 375
326 397
327 330
327 335
327 349
327 362
327 384
327 388
328 376
328 387
329 364
329 379
329 395
330 331
330 351
330 385
331 381
332 337
332 351
332 362
332 372
332 375
332 378
333 336
333 348
333 359
333 382
333 388
333 393
333 399
334 356
334 367
334 368
334 400
335 354
335 359
335 362
335 372
335 378
335 380
335 381
336 343
336 344
336 345
336 364
336 377
336 392
337 342
337 345
337 361
337 369
338 347
338 359
338 368
338 371
339 346
339 350
339 352
339 356
339 365
339 400
340 349
340 366
341 359
341 385
341 395
341 396
342 348
342 349
342 358
342 361
342 369
342 385
342 386
343 349
343 354
343 370
343 382
344 379
344 392
345 352
345 363
345 370
345 375
345 383
345 392
345 399
346 369
346 375
346 388
347 399
348 362
349 352
350 351
350 357
350 364
350 370
350 395
351 382
352 361
352 378
352 388
352 396
353 355
353 359
353 362
353 380
353 393
353 394
354 357
354 383
355 356
355 360
355 383
355 386
356 363
356 384
358 365
359 361
359 382
360 391
361 362
361 363
361 377
361 387
361 399
362 370
362 374
363 385
363 395
364 371
365 368
365 384
366 383
366 398
368 388
368 398
369 375
369 388
370 374
371 390
372 374
372 384
372 396
373 392
374 386
374 389
374 398
376 381
376 386
377 382
378 396
380 387
380 392
381 383
381 384
382 392
383 386
384 386
384 392
387 400
389 398
395 397
399 400
