n40_k200_B
40
40
200
163

60 66 78 72 34 64 20 60 100 62 80 34 68 38 32 32 37 82 98 90 58 97 56 34 70 39 56 69 36 20 99 84 53 27 88 53 42 45 42 31 

1 5
1 8
1 14
1 17
1 27
1 28
1 32
1 33
1 36
1 37
1 39
1 40
2 12
2 25
2 34
3 4
3 8
3 9
3 10
3 11
3 20
3 21
3 22
3 25
3 28
3 30
4 6
4 8
4 9
4 10
4 16
4 19
4 20
4 25
4 26
4 30
4 32
4 35
4 37
5 16
5 18
5 21
5 22
5 28
5 30
5 34
5 38
6 9
6 12
6 13
6 14
6 20
6 27
6 28
6 29
6 32
6 36
7 9
7 11
7 14
7 15
7 16
7 26
7 27
7 28
7 29
7 32
7 35
7 36
8 10
8 24
8 26
8 30
8 32
8 33
8 35
8 40
9 21
9 26
9 31
9 40
10 12
10 19
10 30
10 37
10 39
11 16
11 19
11 23
11 24
11 25
11 30
11 31
11 34
11 35
12 13
12 22
12 25
12 33
12 39
13 19
13 27
13 32
13 34
13 37
14 15
14 33
14 39
15 19
15 32
15 36
15 39
16 25
16 32
17 37
18 20
18 26
18 33
18 35
19 32
19 38
20 21
20 22
20 25
20 31
20 32
20 33
20 34
20 37
21 23
21 27
21 29
22 26
22 27
22 39
23 25
23 33
23 35
24 28
24 34
24 35
24 40
25 26
25 38
26 29
26 37
27 32
27 36
27 39
28 37
28 38
29 33
29 35
30 40
31 32
31 37
32 36
32 40
33 36
35 37
35 40
36 37
36 39
