n40_k150_C
40
40
150
281

60 66 78 72 34 64 20 60 100 62 80 34 68 38 32 32 37 82 98 90 58 97 56 34 70 39 56 69 36 20 99 84 53 27 88 53 42 45 42 31 

1 5
1 7
1 8
1 11
1 14
1 16
1 17
1 21
1 22
1 25
1 26
1 27
1 28
1 29
1 32
1 33
1 35
1 36
1 37
1 38
1 39
1 40
2 4
2 6
2 8
2 12
2 15
2 17
2 25
2 34
3 4
3 8
3 9
3 10
3 11
3 14
3 16
3 20
3 21
3 22
3 25
3 28
3 30
3 33
3 37
3 38
4 6
4 8
4 9
4 10
4 16
4 19
4 20
4 25
4 26
4 28
4 30
4 31
4 32
4 35
4 37
5 16
5 18
5 21
5 22
5 23
5 25
5 26
5 28
5 29
5 30
5 33
5 34
5 38
6 9
6 12
6 13
6 14
6 19
6 20
6 21
6 27
6 28
6 29
6 32
6 33
6 36
7 9
7 11
7 14
7 15
7 16
7 24
7 25
7 26
7 27
7 28
7 29
7 31
7 32
7 33
7 35
7 36
7 37
7 40
8 10
8 19
8 21
8 24
8 25
8 26
8 30
8 32
8 33
8 34
8 35
8 37
8 40
9 18
9 21
9 22
9 26
9 31
9 33
9 39
9 40
10 12
10 19
10 21
10 24
10 28
10 30
10 32
10 37
10 39
11 16
11 17
11 19
11 22
11 23
11 24
11 25
11 30
11 31
11 34
11 35
12 13
12 22
12 25
12 27
12 29
12 33
12 37
12 39
13 19
13 22
13 27
13 32
13 34
13 37
14 15
14 16
14 21
14 22
14 26
14 33
14 34
14 35
14 36
14 38
14 39
15 19
15 21
15 22
15 28
15 32
15 36
15 38
15 39
16 20
16 23
16 25
16 29
16 30
16 32
16 37
17 26
17 31
17 32
17 33
17 35
17 37
17 40
18 20
18 23
18 26
18 28
18 33
18 35
18 36
18 38
19 21
19 30
19 32
19 34
19 35
19 37
19 38
20 21
20 22
20 25
20 31
20 32
20 33
20 34
20 35
20 36
20 37
21 23
21 27
21 29
21 32
21 35
21 38
22 25
22 26
22 27
22 29
22 31
22 32
22 39
23 24
23 25
23 31
23 33
23 34
23 35
23 39
24 28
24 34
24 35
24 36
24 38
24 39
24 40
25 26
25 36
25 38
25 39
26 28
26 29
26 31
26 33
26 34
26 37
27 30
27 32
27 33
27 36
27 39
28 37
28 38
29 31
29 33
29 34
29 35
29 40
30 40
31 32
31 33
31 37
32 36
32 40
33 36
34 40
35 36
35 37
35 40
36 37
36 38
36 39
