n500_k200_A
500
500
200
7462

41 25 33 42 25 32 45 26 27 40 29 29 48 25 25 49 25 25 37 27 35 46 25 27 36 31 32 46 26 27 43 27 28 44 25 30 48 25 25 40 28 31 35 28 36 40 26 33 44 26 29 48 25 26 35 30 34 40 27 32 46 26 26 44 27 28 43 26 30 48 25 26 46 25 27 49 25 25 40 27 31 37 29 32 44 26 29 38 28 32 47 25 27 36 27 36 35 25 39 38 27 33 35 32 32 36 26 37 35 29 35 49 25 25 42 26 31 44 26 29 46 26 27 41 25 33 44 25 29 44 26 29 48 25 26 43 28 28 42 25 32 41 26 32 36 26 36 35 30 34 40 28 30 42 25 32 40 27 32 39 29 30 45 26 27 44 27 28 37 30 32 45 25 29 42 27 30 47 25 27 46 25 27 38 25 35 46 26 27 42 26 31 43 25 31 41 28 30 42 27 29 46 26 27 39 26 34 48 25 26 39 28 31 48 25 26 46 26 27 38 29 32 49 25 25 47 25 27 43 25 31 48 25 26 45 25 29 40 28 31 39 28 31 47 26 26 43 28 28 36 25 38 47 25 27 39 30 30 45 26 28 43 27 28 44 25 30 45 26 27 45 26 27 47 25 27 39 25 35 40 26 32 42 25 32 38 27 33 37 27 35 48 25 26 45 26 28 35 29 35 42 27 29 41 25 33 43 28 28 36 31 32 41 28 29 35 28 36 38 28 32 44 27 28 47 25 27 42 26 31 49 25 25 47 25 27 41 25 33 45 26 28 42 28 29 35 26 38 41 27 30 46 26 27 48 25 26 39 30 30 48 25 26 44 25 29 36 28 35 39 29 31 36 26 37 35 29 35 44 26 28 49 25 25 42 28 29 46 25 28 48 25 25 46 25 28 41 27 31 41 28 29 48 25 26 38 26 35 40 27 31 45 26 27 45 25 28 49 25 25 36 28 34 49 25 25 44 25 30 47 26 26 47 25 26 37 30 33 41 25 33 45 26 28 39 27 32 49 25 25 44 27 28 46 26 27 48 25 26 41 28 30 45 25 28 42 27 29 47 25 27 46 26 27 39 25 35 40 27 32 44 27 28 46 25 27 37 29 33 43 28 28 48 25 26 43 26 30 42 28

1 8
1 14
1 39
1 79
1 86
1 103
1 117
1 119
1 121
1 130
1 131
1 146
1 168
1 180
1 193
1 194
1 209
1 212
1 227
1 248
1 351
1 354
1 402
1 417
1 427
1 449
1 477
1 490
2 87
2 116
2 151
2 201
2 215
2 244
2 297
2 316
2 338
2 343
2 345
2 348
2 360
2 373
2 413
2 414
2 447
2 462
3 7
3 8
3 13
3 30
3 31
3 45
3 81
3 85
3 125
3 132
3 135
3 138
3 140
3 144
3 159
3 168
3 172
3 181
3 204
3 211
3 254
3 266
3 269
3 271
3 277
3 293
3 294
3 298
3 300
3 301
3 311
3 336
3 378
3 395
3 397
3 401
3 403
3 409
3 415
3 418
3 426
3 445
3 448
3 461
3 481
4 22
4 32
4 42
4 45
4 101
4 102
4 158
4 205
4 228
4 254
4 255
4 297
4 302
4 339
4 347
4 438
4 445
4 458
5 10
5 109
5 214
5 249
5 268
5 274
5 290
5 325
5 357
5 373
5 378
5 426
5 428
5 430
5 439
5 458
5 468
6 18
6 28
6 30
6 42
6 58
6 82
6 84
6 130
6 162
6 201
6 202
6 207
6 210
6 221
6 252
6 265
6 283
6 291
6 341
6 347
6 370
6 379
6 386
6 402
6 410
6 439
6 441
6 470
6 488
7 23
7 45
7 54
7 65
7 68
7 70
7 83
7 93
7 102
7 113
7 132
7 137
7 176
7 197
7 206
7 218
7 235
7 257
7 288
7 299
7 336
7 345
7 353
7 392
7 413
7 481
8 13
8 17
8 20
8 30
8 46
8 47
8 50
8 67
8 68
8 72
8 94
8 123
8 203
8 208
8 236
8 240
8 257
8 259
8 267
8 284
8 323
8 346
8 358
8 368
8 395
8 402
8 425
8 428
8 448
8 466
8 483
9 28
9 32
9 34
9 36
9 56
9 67
9 89
9 94
9 95
9 97
9 105
9 138
9 141
9 152
9 189
9 210
9 247
9 281
9 304
9 334
9 357
9 360
9 371
9 375
9 395
9 449
9 452
9 456
9 463
9 468
9 479
9 481
9 484
9 491
9 499
10 16
10 26
10 46
10 83
10 135
10 151
10 154
10 164
10 251
10 260
10 309
10 336
10 344
10 362
10 363
10 377
10 383
10 390
10 398
10 412
10 417
10 425
10 451
10 462
10 469
10 471
10 497
11 17
11 52
11 54
11 67
11 72
11 76
11 80
11 159
11 161
11 198
11 225
11 239
11 241
11 262
11 267
11 281
11 318
11 329
11 374
11 405
11 440
11 453
11 481
11 498
12 58
12 65
12 88
12 90
12 153
12 176
12 183
12 214
12 223
12 240
12 270
12 297
12 301
12 304
12 312
12 318
12 338
12 342
12 391
12 406
12 434
12 450
12 456
12 458
13 22
13 44
13 56
13 57
13 59
13 76
13 82
13 90
13 91
13 105
13 123
13 193
13 199
13 221
13 222
13 236
13 256
13 284
13 295
13 296
13 337
13 379
13 415
13 426
13 429
13 436
13 443
13 458
13 491
14 19
14 22
14 33
14 35
14 49
14 64
14 71
14 117
14 128
14 131
14 146
14 166
14 167
14 174
14 181
14 188
14 196
14 201
14 206
14 221
14 223
14 275
14 334
14 379
14 383
14 395
14 412
14 458
14 466
14 471
14 477
14 482
14 495
15 41
15 50
15 61
15 79
15 80
15 92
15 94
15 108
15 112
15 139
15 178
15 228
15 250
15 252
15 268
15 379
15 380
15 381
15 386
15 398
15 409
15 443
15 446
15 450
15 494
15 495
16 19
16 20
16 36
16 107
16 111
16 112
16 125
16 135
16 188
16 228
16 235
16 241
16 251
16 253
16 270
16 274
16 286
16 304
16 306
16 345
16 371
16 373
16 374
16 382
16 409
16 464
16 466
16 471
16 478
16 482
16 483
17 22
17 78
17 85
17 90
17 109
17 129
17 146
17 153
17 186
17 208
17 218
17 226
17 228
17 231
17 245
17 249
17 251
17 257
17 260
17 309
17 327
17 348
17 354
17 403
17 424
17 427
17 437
17 444
17 447
17 464
17 475
17 476
17 486
17 493
17 500
18 20
18 24
18 35
18 43
18 45
18 47
18 58
18 66
18 73
18 120
18 127
18 175
18 188
18 199
18 221
18 240
18 262
18 264
18 282
18 384
18 391
18 426
18 440
18 452
19 21
19 27
19 48
19 97
19 102
19 131
19 134
19 150
19 205
19 206
19 208
19 218
19 226
19 228
19 239
19 249
19 252
19 264
19 270
19 274
19 279
19 293
19 315
19 345
19 379
19 387
19 399
19 400
19 407
19 435
19 438
19 441
19 457
19 463
19 479
19 480
20 24
20 59
20 67
20 124
20 138
20 145
20 153
20 171
20 196
20 223
20 308
20 343
20 360
20 365
20 411
20 412
20 463
20 474
20 476
20 483
20 491
21 51
21 88
21 89
21 105
21 113
21 141
21 193
21 197
21 232
21 262
21 276
21 292
21 312
21 355
21 390
21 448
21 457
22 29
22 53
22 55
22 74
22 79
22 84
22 85
22 92
22 100
22 110
22 193
22 209
22 210
22 214
22 216
22 233
22 234
22 263
22 288
22 292
22 329
22 338
22 357
22 397
22 401
22 422
22 429
22 436
22 446
22 472
22 491
23 57
23 59
23 87
23 98
23 117
23 126
23 166
23 197
23 201
23 230
23 235
23 240
23 241
23 259
23 260
23 279
23 309
23 312
23 321
23 341
23 348
23 394
23 427
23 431
23 440
23 456
24 35
24 38
24 67
24 79
24 92
24 122
24 148
24 151
24 177
24 193
24 204
24 217
24 225
24 284
24 290
24 309
24 315
24 326
24 368
24 400
24 455
24 480
24 482
24 486
24 499
25 98
25 121
25 125
25 127
25 147
25 151
25 160
25 168
25 187
25 189
25 240
25 247
25 257
25 261
25 279
25 289
25 303
25 311
25 389
25 396
25 435
25 449
25 452
25 470
25 479
25 500
26 40
26 71
26 78
26 109
26 132
26 155
26 184
26 200
26 220
26 223
26 258
26 265
26 269
26 279
26 300
26 302
26 305
26 328
26 337
26 373
26 385
26 396
26 405
26 407
26 431
26 451
26 460
26 486
26 496
27 46
27 69
27 74
27 88
27 90
27 113
27 123
27 145
27 151
27 153
27 227
27 228
27 239
27 296
27 314
27 317
27 389
27 392
27 426
27 469
27 477
27 496
28 35
28 39
28 47
28 64
28 70
28 75
28 89
28 94
28 115
28 121
28 136
28 158
28 169
28 179
28 182
28 194
28 224
28 244
28 260
28 268
28 279
28 309
28 310
28 335
28 374
28 383
28 389
28 402
28 428
28 445
28 473
28 480
28 487
28 492
29 41
29 42
29 76
29 90
29 100
29 116
29 135
29 148
29 161
29 173
29 178
29 182
29 184
29 200
29 246
29 261
29 267
29 292
29 319
29 329
29 336
29 353
29 358
29 359
29 390
29 395
29 402
29 408
29 411
29 426
29 441
29 457
29 469
29 492
29 497
30 81
30 85
30 114
30 115
30 116
30 117
30 134
30 190
30 200
30 210
30 221
30 222
30 231
30 246
30 253
30 275
30 279
30 295
30 318
30 323
30 324
30 329
30 342
30 343
30 344
30 366
30 410
30 432
30 435
31 63
31 75
31 77
31 84
31 151
31 185
31 187
31 196
31 204
31 212
31 221
31 239
31 244
31 254
31 259
31 261
31 294
31 329
31 357
31 389
31 396
31 406
31 428
31 430
31 449
31 476
31 492
31 493
32 84
32 104
32 108
32 111
32 117
32 132
32 135
32 143
32 150
32 153
32 155
32 168
32 187
32 190
32 299
32 308
32 317
32 336
32 362
32 416
32 437
32 462
32 481
32 493
32 496
33 39
33 51
33 78
33 108
33 124
33 133
33 137
33 148
33 155
33 187
33 191
33 200
33 250
33 269
33 275
33 305
33 306
33 339
33 347
33 350
33 374
33 388
33 398
33 401
33 423
33 429
33 431
33 435
33 469
33 478
34 39
34 66
34 78
34 82
34 101
34 110
34 126
34 131
34 148
34 149
34 151
34 168
34 171
34 213
34 240
34 265
34 303
34 364
34 372
34 373
34 404
34 466
34 487
35 41
35 76
35 90
35 125
35 136
35 138
35 157
35 169
35 170
35 188
35 196
35 201
35 227
35 254
35 286
35 306
35 329
35 337
35 401
35 449
35 482
35 489
35 494
36 45
36 57
36 68
36 73
36 77
36 85
36 102
36 107
36 149
36 169
36 174
36 192
36 217
36 236
36 317
36 329
36 337
36 346
36 358
36 363
36 367
36 374
36 412
36 456
36 459
36 461
36 494
36 498
37 49
37 96
37 143
37 160
37 165
37 175
37 183
37 209
37 221
37 239
37 284
37 299
37 323
37 347
37 412
37 438
37 447
37 466
37 475
37 487
37 493
37 494
37 498
38 41
38 42
38 47
38 63
38 77
38 103
38 111
38 113
38 128
38 154
38 168
38 169
38 187
38 196
38 246
38 285
38 295
38 333
38 357
38 366
38 374
38 384
38 391
38 396
38 412
38 415
38 428
38 440
38 451
38 453
38 479
38 498
38 500
39 51
39 87
39 96
39 112
39 124
39 142
39 161
39 169
39 199
39 236
39 267
39 276
39 283
39 284
39 291
39 323
39 360
39 371
39 382
39 430
39 446
39 456
39 493
39 496
40 101
40 112
40 155
40 170
40 172
40 174
40 197
40 215
40 254
40 259
40 262
40 278
40 289
40 308
40 320
40 331
40 332
40 333
40 342
40 361
40 364
40 380
40 399
40 430
40 435
40 465
40 481
40 497
40 500
41 44
41 46
41 52
41 69
41 88
41 111
41 118
41 160
41 171
41 186
41 187
41 199
41 204
41 222
41 275
41 280
41 292
41 300
41 330
41 345
41 352
41 357
41 375
41 386
41 388
41 389
41 406
41 407
41 410
41 431
41 444
41 454
41 456
41 475
41 484
42 47
42 59
42 65
42 96
42 128
42 164
42 167
42 192
42 194
42 199
42 205
42 210
42 242
42 246
42 267
42 280
42 287
42 307
42 312
42 316
42 328
42 343
42 348
42 359
42 365
42 367
42 378
42 387
42 393
42 400
42 422
42 429
42 459
42 469
42 470
42 476
43 49
43 71
43 131
43 149
43 153
43 154
43 167
43 182
43 191
43 248
43 269
43 279
43 302
43 319
43 322
43 325
43 335
43 346
43 351
43 352
43 356
43 399
43 412
43 419
43 436
43 459
43 470
43 485
43 490
44 51
44 52
44 59
44 99
44 110
44 120
44 161
44 169
44 175
44 215
44 237
44 252
44 262
44 363
44 365
44 412
44 418
44 421
44 458
44 472
44 482
45 149
45 160
45 172
45 188
45 193
45 209
45 224
45 260
45 282
45 283
45 316
45 324
45 361
45 368
45 386
45 405
45 418
45 421
45 424
45 450
45 456
45 481
46 51
46 74
46 115
46 124
46 128
46 136
46 137
46 164
46 182
46 185
46 195
46 202
46 226
46 279
46 331
46 345
46 362
46 401
46 415
46 424
46 447
46 449
46 450
46 456
46 476
47 52
47 67
47 103
47 110
47 122
47 124
47 130
47 160
47 191
47 202
47 227
47 277
47 301
47 317
47 332
47 365
47 391
47 392
47 395
47 398
47 407
47 410
47 424
47 430
47 437
47 446
47 476
47 484
47 493
48 63
48 65
48 67
48 114
48 115
48 146
48 153
48 162
48 169
48 178
48 181
48 207
48 220
48 224
48 227
48 248
48 251
48 282
48 305
48 307
48 334
48 351
48 355
48 379
48 394
48 395
48 404
48 409
48 410
48 425
48 426
48 439
48 441
48 458
48 466
48 477
49 84
49 97
49 104
49 140
49 155
49 181
49 190
49 192
49 222
49 261
49 282
49 286
49 292
49 299
49 303
49 316
49 324
49 357
49 418
49 439
49 447
49 463
49 471
49 475
49 489
50 61
50 74
50 104
50 156
50 188
50 191
50 197
50 243
50 249
50 259
50 287
50 324
50 359
50 363
50 388
50 390
50 393
50 395
50 441
50 448
50 491
51 68
51 100
51 135
51 138
51 162
51 184
51 187
51 237
51 241
51 308
51 326
51 329
51 335
51 336
51 352
51 370
51 392
51 393
51 413
51 437
51 438
51 439
51 441
51 459
52 53
52 67
52 75
52 115
52 149
52 164
52 189
52 230
52 236
52 246
52 355
52 383
52 389
52 406
52 410
52 414
52 417
52 436
52 437
52 460
52 470
52 480
53 77
53 82
53 107
53 131
53 137
53 140
53 142
53 148
53 155
53 163
53 180
53 182
53 203
53 208
53 224
53 232
53 245
53 252
53 272
53 273
53 289
53 304
53 319
53 320
53 323
53 324
53 325
53 329
53 369
53 372
53 377
53 388
53 409
53 414
53 418
53 441
53 451
53 457
53 486
53 492
53 497
54 63
54 122
54 131
54 142
54 164
54 171
54 172
54 173
54 181
54 193
54 229
54 237
54 281
54 282
54 342
54 348
54 377
54 381
54 406
54 419
54 422
54 428
54 451
54 478
54 483
54 492
54 493
55 61
55 78
55 110
55 111
55 123
55 165
55 209
55 239
55 241
55 246
55 254
55 274
55 278
55 289
55 333
55 342
55 347
55 368
55 444
55 447
55 481
55 487
56 70
56 91
56 98
56 110
56 135
56 153
56 156
56 193
56 200
56 201
56 226
56 236
56 242
56 245
56 252
56 264
56 282
56 283
56 300
56 312
56 317
56 336
56 385
56 398
56 410
56 439
56 442
56 466
56 498
57 68
57 83
57 91
57 106
57 121
57 127
57 162
57 173
57 200
57 221
57 225
57 246
57 248
57 274
57 278
57 296
57 310
57 319
57 322
57 353
57 355
57 391
57 407
57 423
57 426
57 452
57 461
57 469
58 64
58 95
58 167
58 193
58 201
58 205
58 230
58 241
58 264
58 282
58 287
58 297
58 306
58 320
58 327
58 353
58 374
58 390
58 435
58 449
58 491
59 62
59 110
59 139
59 143
59 155
59 156
59 168
59 175
59 185
59 231
59 240
59 269
59 291
59 326
59 332
59 335
59 346
59 355
59 358
59 381
59 398
59 404
59 428
59 454
59 461
59 464
59 489
60 82
60 135
60 161
60 174
60 234
60 241
60 255
60 276
60 284
60 311
60 331
60 336
60 348
60 359
60 374
60 383
60 398
60 400
60 406
60 408
60 416
60 422
60 427
60 453
60 463
60 491
60 493
61 69
61 74
61 103
61 112
61 114
61 117
61 123
61 131
61 151
61 175
61 187
61 195
61 213
61 224
61 242
61 259
61 265
61 276
61 278
61 306
61 338
61 357
61 373
61 443
61 450
61 465
61 472
61 479
61 488
61 489
61 497
62 65
62 93
62 111
62 127
62 159
62 165
62 167
62 191
62 204
62 209
62 221
62 252
62 258
62 347
62 379
62 392
62 404
62 406
62 415
62 437
62 467
62 488
62 492
62 499
63 79
63 132
63 167
63 186
63 189
63 193
63 211
63 219
63 225
63 264
63 266
63 274
63 295
63 300
63 307
63 332
63 340
63 349
63 355
63 359
63 392
63 393
63 404
63 422
63 425
63 436
63 438
63 460
63 482
63 483
63 498
63 499
63 500
64 129
64 142
64 143
64 154
64 184
64 202
64 206
64 214
64 248
64 261
64 284
64 306
64 329
64 333
64 352
64 365
64 369
64 374
64 411
64 444
64 456
64 491
65 68
65 75
65 99
65 171
65 178
65 230
65 232
65 235
65 242
65 246
65 258
65 290
65 293
65 304
65 319
65 336
65 342
65 357
65 364
65 375
65 412
65 491
66 68
66 108
66 117
66 147
66 152
66 153
66 183
66 212
66 234
66 286
66 293
66 304
66 307
66 311
66 318
66 380
66 382
66 395
66 448
66 453
66 454
66 456
66 462
66 464
66 491
66 492
67 88
67 95
67 98
67 116
67 136
67 176
67 194
67 226
67 308
67 324
67 346
67 369
67 375
67 396
67 410
67 425
67 433
67 451
67 463
67 469
67 500
68 196
68 210
68 222
68 271
68 285
68 297
68 301
68 366
68 381
68 389
68 400
68 420
68 447
68 454
68 472
69 88
69 116
69 121
69 138
69 148
69 166
69 191
69 192
69 193
69 206
69 239
69 256
69 306
69 329
69 339
69 353
69 354
69 421
69 436
69 445
69 447
69 455
69 468
69 471
69 483
70 72
70 120
70 127
70 135
70 151
70 157
70 169
70 173
70 178
70 214
70 253
70 262
70 268
70 295
70 299
70 303
70 322
70 379
70 393
70 398
70 400
70 422
70 425
70 426
70 438
70 444
70 466
70 472
70 474
70 496
71 102
71 128
71 149
71 158
71 164
71 168
71 189
71 202
71 219
71 236
71 303
71 313
71 346
71 365
71 380
71 381
71 392
71 394
71 405
71 469
71 470
71 496
72 77
72 99
72 113
72 167
72 170
72 173
72 184
72 185
72 200
72 202
72 214
72 229
72 263
72 271
72 293
72 405
72 434
72 453
72 465
72 472
72 480
72 496
73 82
73 111
73 127
73 128
73 130
73 161
73 164
73 165
73 222
73 240
73 262
73 285
73 293
73 325
73 337
73 338
73 341
73 359
73 385
73 401
73 422
73 454
73 456
73 458
73 461
73 479
73 481
73 483
74 78
74 80
74 95
74 120
74 133
74 146
74 151
74 164
74 166
74 169
74 198
74 206
74 208
74 214
74 227
74 235
74 236
74 249
74 261
74 266
74 271
74 278
74 279
74 311
74 319
74 350
74 382
74 384
74 402
74 409
74 418
74 453
74 474
74 497
75 78
75 83
75 112
75 135
75 139
75 140
75 163
75 168
75 177
75 180
75 202
75 228
75 270
75 294
75 317
75 339
75 344
75 348
75 353
75 372
75 395
75 398
75 400
75 401
75 425
75 448
75 474
76 107
76 112
76 126
76 128
76 161
76 162
76 187
76 194
76 228
76 240
76 241
76 248
76 255
76 290
76 316
76 377
76 381
76 418
76 422
76 428
76 440
76 443
76 471
76 472
76 477
76 482
77 79
77 100
77 103
77 113
77 138
77 143
77 173
77 205
77 237
77 262
77 267
77 292
77 303
77 311
77 326
77 329
77 337
77 360
77 372
77 382
77 390
77 437
77 444
77 460
77 469
77 472
77 478
78 87
78 97
78 133
78 136
78 156
78 191
78 198
78 206
78 208
78 210
78 235
78 252
78 277
78 311
78 328
78 348
78 362
78 365
78 374
78 386
78 435
78 437
78 491
79 84
79 114
79 116
79 137
79 141
79 152
79 158
79 187
79 189
79 193
79 199
79 202
79 282
79 291
79 294
79 298
79 301
79 309
79 336
79 343
79 367
79 373
79 393
79 400
79 420
79 423
79 446
79 492
79 494
79 495
79 499
80 85
80 94
80 108
80 115
80 122
80 138
80 246
80 305
80 325
80 359
80 364
80 366
80 372
80 380
80 386
80 400
80 443
80 461
80 475
81 109
81 112
81 114
81 135
81 146
81 172
81 180
81 181
81 182
81 241
81 263
81 266
81 297
81 308
81 311
81 323
81 371
81 372
81 402
81 407
81 416
81 466
81 499
82 86
82 123
82 156
82 164
82 176
82 204
82 208
82 239
82 252
82 259
82 294
82 302
82 306
82 329
82 332
82 336
82 339
82 355
82 383
82 386
82 407
82 411
82 421
82 424
82 433
82 435
82 465
82 471
83 122
83 132
83 154
83 155
83 166
83 169
83 194
83 231
83 306
83 319
83 328
83 348
83 404
83 414
83 431
83 446
83 448
83 471
83 474
83 478
83 479
83 500
84 86
84 92
84 127
84 144
84 164
84 166
84 184
84 204
84 206
84 223
84 228
84 242
84 248
84 289
84 292
84 298
84 301
84 314
84 339
84 341
84 359
84 360
84 366
84 399
84 400
84 401
84 402
84 427
84 468
84 473
84 482
85 88
85 89
85 90
85 113
85 114
85 156
85 166
85 171
85 191
85 219
85 305
85 346
85 381
85 390
85 407
85 435
85 437
85 441
85 451
85 464
85 466
85 493
85 496
86 95
86 105
86 117
86 158
86 207
86 212
86 213
86 226
86 234
86 245
86 277
86 285
86 316
86 319
86 327
86 336
86 343
86 352
86 430
86 450
86 453
86 464
87 112
87 164
87 237
87 238
87 246
87 276
87 281
87 300
87 305
87 327
87 384
87 402
87 422
87 432
87 447
87 455
87 458
87 480
87 484
87 489
88 112
88 124
88 125
88 142
88 174
88 175
88 179
88 184
88 219
88 225
88 253
88 275
88 312
88 313
88 325
88 334
88 373
88 474
89 90
89 92
89 104
89 108
89 165
89 174
89 193
89 198
89 199
89 203
89 231
89 245
89 283
89 286
89 290
89 311
89 315
89 334
89 336
89 382
89 401
89 402
89 415
89 418
89 427
89 440
89 445
89 484
90 94
90 112
90 131
90 134
90 198
90 213
90 215
90 232
90 250
90 251
90 254
90 263
90 283
90 299
90 306
90 320
90 418
90 443
90 446
90 453
90 458
90 468
90 469
90 474
91 166
91 173
91 186
91 217
91 228
91 273
91 285
91 286
91 300
91 305
91 315
91 344
91 345
91 346
91 347
91 374
91 383
91 387
91 435
91 439
91 469
91 484
91 491
91 497
92 108
92 130
92 132
92 140
92 158
92 180
92 190
92 240
92 290
92 301
92 311
92 320
92 329
92 365
92 376
92 395
92 404
92 418
92 421
92 454
92 459
92 485
92 492
93 126
93 136
93 141
93 161
93 194
93 201
93 223
93 231
93 261
93 267
93 301
93 307
93 355
93 356
93 366
93 372
93 379
93 385
93 406
93 444
93 448
93 489
93 498
94 114
94 133
94 136
94 140
94 158
94 171
94 180
94 189
94 210
94 231
94 236
94 237
94 270
94 300
94 317
94 323
94 328
94 347
94 350
94 391
94 403
94 408
94 438
94 442
94 445
95 116
95 119
95 141
95 144
95 191
95 203
95 213
95 231
95 234
95 237
95 239
95 266
95 269
95 298
95 314
95 317
95 320
95 373
95 403
95 409
95 416
96 98
96 106
96 122
96 128
96 156
96 171
96 172
96 183
96 186
96 211
96 220
96 263
96 274
96 280
96 290
96 301
96 311
96 314
96 318
96 325
96 328
96 355
96 361
96 362
96 367
96 381
96 392
96 402
96 404
96 416
96 428
96 429
96 443
96 445
96 451
96 454
96 495
97 110
97 117
97 130
97 134
97 175
97 176
97 180
97 207
97 250
97 252
97 323
97 336
97 344
97 365
97 377
97 395
97 417
97 435
97 454
97 469
98 118
98 125
98 145
98 164
98 188
98 219
98 258
98 262
98 298
98 305
98 309
98 319
98 323
98 350
98 352
98 414
98 418
98 421
98 423
98 453
98 498
99 120
99 158
99 165
99 168
99 170
99 178
99 206
99 223
99 234
99 242
99 258
99 305
99 324
99 344
99 353
99 370
99 387
99 404
99 424
99 429
99 438
99 447
99 500
100 112
100 131
100 138
100 153
100 163
100 175
100 177
100 229
100 230
100 232
100 251
100 258
100 278
100 283
100 301
100 336
100 353
100 356
100 367
100 376
100 378
100 387
100 409
100 416
100 420
100 421
100 431
100 432
100 446
100 459
100 473
100 492
100 493
100 499
101 118
101 138
101 156
101 196
101 197
101 205
101 229
101 237
101 263
101 274
101 292
101 307
101 309
101 322
101 324
101 329
101 331
101 345
101 353
101 359
101 369
101 386
101 402
101 405
101 444
101 463
101 473
101 484
102 129
102 139
102 150
102 152
102 154
102 161
102 206
102 217
102 242
102 244
102 260
102 285
102 314
102 320
102 326
102 336
102 343
102 345
102 368
102 379
102 397
102 411
102 419
102 423
102 424
102 425
102 437
102 440
102 444
102 463
102 469
103 115
103 130
103 134
103 140
103 179
103 183
103 184
103 195
103 231
103 242
103 260
103 273
103 277
103 278
103 282
103 290
103 316
103 327
103 339
103 347
103 370
103 378
103 393
103 397
103 408
103 425
103 439
103 444
103 447
103 456
103 461
103 463
103 464
104 110
104 119
104 122
104 125
104 126
104 143
104 166
104 171
104 183
104 229
104 283
104 305
104 308
104 311
104 319
104 348
104 368
104 370
104 417
104 424
104 429
104 461
104 475
105 148
105 167
105 172
105 187
105 193
105 203
105 204
105 238
105 278
105 296
105 313
105 365
105 397
105 398
105 405
105 451
105 484
106 133
106 135
106 152
106 158
106 160
106 169
106 202
106 203
106 211
106 225
106 264
106 277
106 280
106 320
106 329
106 333
106 334
106 353
106 381
106 392
106 397
106 418
106 435
106 474
106 484
106 491
107 115
107 126
107 154
107 169
107 186
107 198
107 200
107 202
107 261
107 299
107 300
107 304
107 328
107 350
107 419
107 449
107 463
107 473
107 477
107 493
108 112
108 116
108 127
108 128
108 157
108 226
108 234
108 244
108 280
108 294
108 318
108 321
108 327
108 334
108 357
108 374
108 380
108 384
108 398
108 399
108 404
108 406
108 422
108 451
108 465
108 470
108 476
108 488
109 114
109 130
109 136
109 236
109 261
109 277
109 298
109 312
109 351
109 369
109 400
109 410
109 413
109 414
109 415
109 445
110 125
110 153
110 156
110 176
110 197
110 203
110 213
110 225
110 297
110 310
110 353
110 354
110 378
110 398
110 402
110 415
110 420
110 449
110 470
110 485
111 145
111 148
111 155
111 186
111 247
111 263
111 279
111 299
111 306
111 321
111 322
111 332
111 377
111 387
111 407
111 409
111 428
111 443
111 446
111 464
111 492
111 495
111 496
111 498
112 117
112 137
112 143
112 155
112 160
112 163
112 204
112 217
112 238
112 248
112 251
112 285
112 346
112 377
112 379
112 390
112 395
112 402
112 413
112 463
112 469
112 474
112 476
112 477
113 119
113 161
113 177
113 188
113 216
113 226
113 228
113 234
113 247
113 249
113 265
113 269
113 273
113 304
113 317
113 339
113 342
113 354
113 385
113 402
113 406
113 417
113 421
113 495
114 184
114 185
114 191
114 192
114 227
114 249
114 262
114 275
114 283
114 305
114 321
114 347
114 357
114 370
114 375
114 393
114 400
114 406
114 407
114 411
114 450
114 473
114 479
114 486
115 123
115 143
115 149
115 154
115 156
115 190
115 245
115 253
115 259
115 271
115 307
115 342
115 363
115 366
115 391
115 405
115 414
115 419
115 432
115 454
115 461
115 467
115 471
115 472
115 479
116 155
116 186
116 210
116 226
116 234
116 242
116 278
116 311
116 317
116 321
116 337
116 345
116 357
116 399
116 483
117 167
117 205
117 206
117 208
117 250
117 259
117 261
117 278
117 293
117 336
117 347
117 349
117 361
117 366
117 408
117 410
117 426
117 432
117 442
117 482
118 120
118 151
118 162
118 183
118 203
118 204
118 220
118 244
118 249
118 294
118 333
118 345
118 348
118 353
118 357
118 374
118 402
118 443
118 459
118 460
118 471
118 476
118 490
118 492
119 166
119 181
119 182
119 193
119 204
119 207
119 215
119 239
119 241
119 251
119 262
119 264
119 285
119 294
119 325
119 393
119 404
119 408
119 409
119 428
119 433
119 490
119 495
120 138
120 179
120 188
120 200
120 203
120 239
120 242
120 266
120 269
120 279
120 296
120 327
120 345
120 361
120 388
120 398
120 399
120 434
120 470
120 471
120 482
120 499
121 128
121 139
121 164
121 182
121 185
121 186
121 211
121 217
121 225
121 262
121 266
121 272
121 285
121 304
121 326
121 339
121 356
121 357
121 360
121 364
121 366
121 367
121 377
121 424
121 442
121 468
121 493
121 496
121 497
122 127
122 140
122 164
122 217
122 241
122 252
122 254
122 257
122 265
122 278
122 300
122 301
122 309
122 332
122 342
122 353
122 359
122 370
122 405
122 414
122 422
122 453
122 455
122 456
122 459
122 488
123 155
123 157
123 168
123 182
123 192
123 195
123 204
123 210
123 231
123 253
123 257
123 281
123 304
123 311
123 359
123 370
123 394
123 402
123 432
123 443
123 465
123 466
123 480
123 495
124 142
124 145
124 158
124 162
124 178
124 182
124 240
124 242
124 273
124 275
124 340
124 366
124 375
124 386
124 412
124 415
124 455
124 486
124 496
124 497
125 176
125 203
125 241
125 247
125 281
125 285
125 292
125 313
125 316
125 327
125 361
125 397
125 406
125 420
125 453
125 459
125 467
125 496
125 498
126 128
126 147
126 168
126 194
126 228
126 241
126 253
126 296
126 302
126 310
126 316
126 321
126 326
126 327
126 365
126 374
126 389
126 426
126 428
126 459
126 482
126 494
126 499
127 128
127 135
127 196
127 205
127 207
127 238
127 249
127 252
127 258
127 346
127 350
127 421
127 454
127 468
127 484
127 495
128 138
128 142
128 155
128 165
128 167
128 171
128 173
128 183
128 192
128 207
128 214
128 223
128 234
128 268
128 301
128 359
128 366
128 382
128 387
128 424
128 449
128 453
128 462
128 468
129 131
129 147
129 160
129 161
129 172
129 207
129 211
129 227
129 228
129 253
129 256
129 268
129 269
129 285
129 288
129 303
129 306
129 326
129 338
129 348
129 381
129 406
129 455
129 471
129 484
129 485
130 184
130 208
130 230
130 238
130 239
130 241
130 246
130 249
130 280
130 285
130 293
130 305
130 309
130 310
130 331
130 359
130 367
130 383
130 453
130 454
130 474
130 486
131 171
131 172
131 174
131 177
131 197
131 204
131 214
131 227
131 251
131 259
131 263
131 265
131 289
131 325
131 380
131 389
131 390
131 411
131 424
131 429
131 450
131 469
131 491
132 141
132 175
132 183
132 188
132 198
132 202
132 228
132 240
132 248
132 259
132 349
132 373
132 377
132 420
132 426
132 445
132 458
132 475
132 480
132 494
133 135
133 161
133 175
133 185
133 204
133 236
133 240
133 242
133 245
133 247
133 257
133 300
133 378
133 383
133 385
133 391
133 392
133 400
133 401
133 430
133 450
133 455
134 136
134 141
134 158
134 164
134 174
134 176
134 182
134 204
134 209
134 235
134 263
134 377
134 473
134 486
135 180
135 207
135 212
135 215
135 218
135 280
135 291
135 317
135 337
135 341
135 347
135 354
135 356
135 367
135 415
135 419
135 452
135 456
136 157
136 164
136 171
136 181
136 182
136 198
136 223
136 237
136 280
136 292
136 305
136 313
136 325
136 336
136 363
136 369
136 375
136 440
136 455
136 486
136 492
137 148
137 195
137 207
137 217
137 228
137 241
137 277
137 278
137 280
137 281
137 313
137 319
137 322
137 326
137 346
137 395
137 405
137 412
137 414
137 438
137 446
137 463
137 466
137 470
137 487
137 498
138 147
138 157
138 169
138 180
138 206
138 208
138 214
138 225
138 230
138 243
138 261
138 264
138 273
138 359
138 365
138 368
138 438
138 441
138 448
138 456
138 466
138 481
138 498
139 141
139 142
139 174
139 179
139 223
139 239
139 250
139 260
139 337
139 354
139 367
139 374
139 375
139 376
139 388
139 390
139 391
139 399
139 434
139 438
139 443
139 477
139 482
139 486
140 173
140 186
140 202
140 220
140 238
140 258
140 274
140 325
140 330
140 343
140 346
140 359
140 367
140 383
140 411
140 417
140 443
140 454
140 457
140 496
141 157
141 165
141 171
141 176
141 186
141 195
141 202
141 222
141 245
141 246
141 252
141 270
141 272
141 301
141 308
141 317
141 338
141 343
141 348
141 357
141 361
141 363
141 366
141 369
141 371
141 375
141 388
141 420
141 433
141 493
141 496
142 152
142 181
142 236
142 264
142 294
142 313
142 326
142 348
142 361
142 432
142 436
142 445
142 475
142 487
142 492
143 213
143 214
143 216
143 242
143 260
143 269
143 271
143 282
143 297
143 306
143 309
143 326
143 370
143 378
143 405
143 408
143 419
143 428
143 448
143 458
143 500
144 165
144 166
144 169
144 173
144 199
144 207
144 208
144 210
144 257
144 262
144 269
144 280
144 321
144 347
144 357
144 364
144 366
144 367
144 374
144 376
144 384
144 386
144 403
144 409
144 410
144 417
144 419
144 429
144 431
144 441
144 448
144 461
144 463
144 469
144 496
145 151
145 178
145 182
145 184
145 199
145 223
145 233
145 236
145 270
145 315
145 341
145 354
145 356
145 359
145 360
145 380
145 430
145 445
145 449
145 458
145 462
145 491
145 492
146 149
146 155
146 168
146 175
146 182
146 228
146 233
146 275
146 307
146 316
146 320
146 334
146 354
146 410
146 454
146 467
146 485
146 490
146 494
147 169
147 183
147 197
147 219
147 222
147 223
147 240
147 250
147 254
147 261
147 302
147 311
147 339
147 353
147 363
147 380
147 381
147 383
147 429
147 434
147 436
147 452
147 460
147 462
148 167
148 168
148 177
148 198
148 206
148 249
148 293
148 314
148 323
148 354
148 363
148 385
148 396
148 406
148 409
148 414
148 420
148 427
148 465
148 472
149 151
149 176
149 195
149 213
149 244
149 275
149 290
149 315
149 334
149 342
149 401
149 405
149 407
149 416
149 429
149 457
149 460
149 479
150 151
150 160
150 167
150 197
150 212
150 213
150 217
150 240
150 268
150 278
150 281
150 298
150 302
150 363
150 366
150 395
150 407
150 415
150 431
150 466
150 483
150 493
151 164
151 173
151 178
151 182
151 189
151 224
151 236
151 252
151 261
151 264
151 292
151 293
151 302
151 304
151 323
151 346
151 357
151 358
151 367
151 377
151 383
151 387
151 396
151 412
151 416
151 430
151 476
151 482
151 495
152 174
152 187
152 197
152 205
152 220
152 224
152 239
152 278
152 289
152 292
152 307
152 324
152 339
152 346
152 363
152 367
152 373
152 376
152 397
152 405
152 416
152 418
152 469
152 471
152 493
153 169
153 180
153 187
153 194
153 220
153 223
153 237
153 242
153 251
153 253
153 262
153 266
153 325
153 356
153 371
153 378
153 391
153 416
153 436
153 444
153 494
154 156
154 170
154 175
154 176
154 190
154 200
154 234
154 253
154 301
154 310
154 317
154 320
154 322
154 333
154 343
154 347
154 369
154 385
154 418
154 429
154 432
154 439
154 495
155 163
155 165
155 174
155 198
155 205
155 240
155 250
155 283
155 288
155 290
155 308
155 319
155 340
155 350
155 387
155 389
155 434
155 450
155 452
155 456
155 476
155 498
156 160
156 167
156 178
156 196
156 210
156 211
156 249
156 274
156 278
156 282
156 293
156 328
156 329
156 337
156 339
156 348
156 349
156 359
156 403
156 433
156 448
156 457
156 461
157 168
157 230
157 266
157 285
157 365
157 369
157 377
157 424
157 452
157 456
157 487
157 492
157 496
158 167
158 184
158 233
158 248
158 266
158 267
158 305
158 311
158 318
158 334
158 346
158 360
158 391
158 443
158 446
158 459
159 163
159 230
159 250
159 254
159 269
159 278
159 302
159 316
159 350
159 369
159 383
159 392
159 407
159 439
159 492
160 183
160 194
160 232
160 250
160 268
160 289
160 293
160 294
160 299
160 339
160 351
160 363
160 385
160 414
160 436
160 438
160 458
160 459
160 489
161 220
161 224
161 287
161 310
161 324
161 387
161 402
161 420
161 439
161 460
161 463
161 470
161 479
161 482
162 201
162 218
162 254
162 292
162 315
162 316
162 325
162 327
162 341
162 348
162 352
162 364
162 398
162 401
162 415
162 434
162 455
162 458
162 487
162 497
163 218
163 222
163 226
163 228
163 236
163 238
163 270
163 278
163 281
163 310
163 342
163 408
163 458
164 168
164 170
164 205
164 221
164 241
164 253
164 278
164 290
164 300
164 302
164 311
164 358
164 359
164 401
164 421
164 445
164 475
164 494
165 216
165 223
165 236
165 276
165 279
165 308
165 311
165 327
165 332
165 337
165 353
165 369
165 386
165 399
165 408
165 436
165 458
165 484
165 488
166 170
166 174
166 202
166 251
166 257
166 261
166 268
166 271
166 308
166 323
166 343
166 344
166 403
166 410
166 424
166 428
166 453
166 454
166 497
166 499
167 188
167 216
167 231
167 268
167 277
167 281
167 307
167 312
167 358
167 359
167 365
167 375
167 381
167 410
167 422
167 431
167 440
167 449
167 450
167 453
167 461
167 462
167 465
167 476
167 485
168 180
168 196
168 204
168 218
168 235
168 240
168 251
168 253
168 262
168 267
168 274
168 304
168 336
168 358
168 364
168 390
168 408
168 423
168 456
168 458
168 459
168 462
168 467
169 183
169 235
169 238
169 250
169 264
169 296
169 311
169 328
169 337
169 339
169 346
169 371
169 378
169 403
169 405
169 413
169 424
169 426
169 435
169 436
169 438
169 446
170 173
170 183
170 198
170 223
170 230
170 258
170 274
170 319
170 323
170 353
170 362
170 403
170 440
170 441
170 466
170 471
170 493
170 497
171 178
171 180
171 216
171 235
171 274
171 281
171 282
171 287
171 312
171 333
171 338
171 352
171 363
171 376
171 386
171 444
171 457
171 458
171 464
171 465
171 468
171 479
172 208
172 223
172 227
172 252
172 258
172 259
172 272
172 275
172 283
172 287
172 313
172 318
172 322
172 330
172 346
172 360
172 368
172 372
172 382
172 397
172 430
172 448
172 458
172 462
172 471
172 481
172 493
173 195
173 200
173 225
173 228
173 231
173 254
173 256
173 260
173 340
173 354
173 370
173 428
173 434
173 445
173 449
173 451
173 456
173 466
173 494
173 495
174 189
174 191
174 204
174 226
174 231
174 244
174 252
174 264
174 265
174 273
174 300
174 336
174 339
174 347
174 354
174 409
174 419
174 423
174 449
174 461
174 479
174 482
175 185
175 204
175 250
175 251
175 257
175 260
175 278
175 289
175 290
175 294
175 320
175 326
175 337
175 344
175 359
175 419
176 180
176 182
176 198
176 230
176 240
176 241
176 244
176 265
176 269
176 272
176 304
176 308
176 319
176 351
176 360
176 405
176 419
176 429
176 436
176 444
176 449
176 465
176 471
176 480
177 190
177 215
177 235
177 246
177 257
177 291
177 296
177 344
177 345
177 429
177 446
177 460
177 485
177 497
178 184
178 204
178 248
178 296
178 340
178 343
178 389
178 390
178 407
178 467
178 470
178 471
178 473
178 496
179 181
179 217
179 251
179 275
179 282
179 297
179 302
179 327
179 334
179 351
179 353
179 357
179 378
179 390
179 426
179 430
179 437
179 458
179 463
179 500
180 201
180 207
180 227
180 236
180 242
180 257
180 266
180 269
180 296
180 299
180 307
180 316
180 341
180 366
180 372
180 379
180 405
180 418
180 428
180 458
180 472
180 474
180 483
180 489
181 185
181 234
181 286
181 315
181 321
181 322
181 341
181 351
181 404
181 405
181 412
181 432
181 460
181 472
181 486
181 495
182 202
182 208
182 247
182 255
182 265
182 268
182 312
182 318
182 378
182 386
182 408
182 410
182 434
182 435
182 452
182 494
182 499
183 205
183 226
183 237
183 284
183 319
183 320
183 355
183 358
183 364
183 376
183 381
183 388
183 415
183 419
183 422
183 449
183 482
184 190
184 196
184 219
184 238
184 274
184 290
184 294
184 340
184 341
184 362
184 382
184 404
184 410
184 417
184 450
184 457
184 459
184 463
184 468
184 470
184 476
184 481
184 498
185 191
185 205
185 219
185 229
185 243
185 282
185 291
185 313
185 334
185 337
185 340
185 358
185 381
185 390
185 396
185 436
185 463
186 204
186 207
186 212
186 217
186 252
186 280
186 287
186 295
186 297
186 337
186 339
186 350
186 360
186 367
186 374
186 384
186 413
186 424
186 433
186 453
186 480
186 485
186 493
187 239
187 271
187 273
187 317
187 319
187 354
187 360
187 368
187 390
187 405
187 494
187 495
188 191
188 217
188 219
188 221
188 222
188 254
188 271
188 279
188 312
188 333
188 359
188 370
188 384
188 397
188 432
188 447
188 460
188 477
188 482
189 203
189 219
189 221
189 224
189 237
189 241
189 251
189 264
189 272
189 289
189 347
189 349
189 366
189 374
189 380
189 381
189 389
189 403
189 408
189 437
189 447
189 454
189 476
189 490
189 491
189 493
189 495
190 208
190 222
190 238
190 257
190 291
190 324
190 350
190 387
190 408
190 426
190 428
190 444
190 451
190 464
190 489
190 495
191 200
191 239
191 255
191 260
191 261
191 273
191 306
191 315
191 319
191 340
191 362
191 377
191 390
191 394
191 403
191 410
191 432
191 438
191 443
191 457
191 470
191 492
191 496
192 248
192 259
192 307
192 322
192 338
192 344
192 364
192 398
192 463
192 487
193 194
193 205
193 215
193 218
193 221
193 246
193 258
193 269
193 292
193 298
193 303
193 309
193 332
193 343
193 344
193 376
193 395
193 400
193 403
193 413
193 419
193 421
193 422
193 448
193 449
193 450
193 469
193 482
193 497
194 204
194 207
194 223
194 231
194 271
194 283
194 292
194 295
194 331
194 335
194 337
194 341
194 350
194 385
194 394
194 411
194 463
194 489
194 499
194 500
195 205
195 206
195 215
195 218
195 226
195 242
195 243
195 263
195 268
195 284
195 296
195 349
195 362
195 377
195 388
195 395
195 400
195 408
195 417
195 424
195 448
195 454
195 467
196 227
196 242
196 283
196 332
196 338
196 345
196 351
196 376
196 412
196 439
196 456
196 466
196 474
196 480
196 484
196 487
197 202
197 215
197 216
197 225
197 251
197 269
197 273
197 296
197 299
197 320
197 341
197 407
197 444
197 465
198 212
198 222
198 223
198 237
198 247
198 259
198 268
198 272
198 320
198 330
198 342
198 374
198 390
198 423
198 438
198 493
199 202
199 210
199 223
199 239
199 284
199 296
199 306
199 318
199 341
199 361
199 364
199 373
199 405
199 410
199 429
199 465
199 497
200 202
200 212
200 213
200 239
200 250
200 266
200 272
200 322
200 343
200 387
200 400
200 426
200 437
200 443
200 473
201 211
201 225
201 245
201 253
201 259
201 273
201 279
201 292
201 330
201 339
201 368
201 370
201 384
201 402
201 432
201 437
201 468
201 489
202 208
202 237
202 244
202 249
202 256
202 287
202 310
202 335
202 344
202 352
202 357
202 375
202 378
202 403
202 436
202 464
202 466
202 481
203 211
203 230
203 252
203 257
203 261
203 296
203 305
203 341
203 345
203 351
203 372
203 384
203 403
203 411
203 430
203 445
203 477
204 235
204 249
204 269
204 274
204 297
204 339
204 369
204 390
204 393
204 394
204 395
204 412
204 418
204 466
204 468
204 483
204 497
205 258
205 260
205 299
205 324
205 334
205 344
205 346
205 375
205 391
205 406
205 414
205 424
205 447
205 449
205 470
205 477
205 479
206 239
206 247
206 261
206 298
206 320
206 335
206 358
206 365
206 372
206 383
206 418
206 424
206 425
206 431
206 455
206 460
206 484
206 488
207 214
207 256
207 272
207 298
207 303
207 330
207 360
207 376
207 389
207 398
207 412
207 422
207 437
207 448
207 458
207 460
207 476
207 483
207 488
208 210
208 214
208 216
208 223
208 234
208 252
208 261
208 272
208 274
208 305
208 333
208 334
208 368
208 377
208 390
208 394
208 424
208 427
208 442
208 494
209 243
209 276
209 282
209 305
209 392
209 408
209 415
209 419
209 434
209 437
209 440
209 443
209 458
209 483
209 493
210 248
210 290
210 309
210 318
210 321
210 363
210 371
210 377
210 381
210 397
210 401
210 412
210 417
210 428
210 447
210 462
210 485
211 217
211 231
211 250
211 258
211 270
211 284
211 295
211 300
211 309
211 313
211 331
211 345
211 346
211 365
211 379
211 381
211 384
211 410
211 411
211 439
211 467
212 229
212 261
212 263
212 270
212 278
212 314
212 319
212 327
212 362
212 368
212 376
212 403
212 427
212 441
212 459
212 467
213 222
213 232
213 258
213 261
213 289
213 307
213 321
213 329
213 330
213 392
213 394
213 452
213 461
213 464
214 219
214 229
214 230
214 241
214 269
214 301
214 305
214 320
214 338
214 362
214 378
214 380
214 394
214 432
214 437
214 468
214 470
215 237
215 245
215 253
215 322
215 346
215 366
215 392
215 417
215 431
215 490
215 493
215 495
216 219
216 267
216 291
216 312
216 329
216 345
216 354
216 377
216 390
216 407
216 425
216 432
216 436
217 236
217 243
217 264
217 271
217 272
217 293
217 301
217 338
217 341
217 344
217 351
217 355
217 373
217 404
217 426
217 440
217 444
217 477
217 480
218 222
218 234
218 238
218 250
218 303
218 321
218 328
218 330
218 338
218 399
218 410
218 419
218 423
218 438
218 447
218 448
218 455
218 462
218 473
218 487
219 223
219 228
219 270
219 287
219 296
219 302
219 387
219 402
219 411
219 421
219 430
219 440
219 446
219 458
219 468
219 477
219 483
220 232
220 264
220 300
220 310
220 311
220 339
220 359
220 370
220 374
220 398
220 417
220 428
220 439
220 478
220 479
220 481
221 252
221 263
221 267
221 278
221 306
221 331
221 335
221 343
221 391
221 407
221 436
221 437
221 453
221 460
221 463
221 475
221 490
222 260
222 272
222 292
222 294
222 345
222 368
222 379
222 387
222 404
222 429
222 441
222 484
222 496
222 497
222 498
223 226
223 236
223 302
223 313
223 328
223 331
223 355
223 429
223 430
223 431
223 447
223 448
223 450
223 477
224 241
224 247
224 278
224 304
224 322
224 325
224 340
224 349
224 353
224 366
224 371
224 373
224 378
224 381
224 407
224 443
224 458
224 462
224 471
224 483
224 497
225 230
225 232
225 245
225 268
225 274
225 293
225 306
225 313
225 322
225 327
225 333
225 347
225 351
225 355
225 373
225 375
225 381
225 394
225 410
225 432
225 437
225 445
225 449
225 451
225 487
226 243
226 282
226 301
226 314
226 317
226 327
226 353
226 382
226 383
226 389
226 392
226 430
226 435
226 440
226 458
226 464
226 484
227 236
227 241
227 246
227 261
227 271
227 279
227 293
227 335
227 368
227 382
227 388
227 400
227 408
227 416
227 433
227 485
227 486
228 235
228 244
228 247
228 250
228 253
228 275
228 284
228 292
228 355
228 365
228 385
228 422
228 468
228 486
228 498
229 233
229 239
229 242
229 274
229 281
229 289
229 326
229 347
229 389
229 393
229 419
229 461
229 483
229 488
229 499
230 234
230 243
230 293
230 299
230 309
230 317
230 376
230 414
230 429
230 440
230 441
230 458
230 463
231 242
231 252
231 253
231 263
231 268
231 277
231 312
231 322
231 355
231 368
231 373
231 383
231 401
231 414
231 418
231 419
231 449
231 477
232 247
232 248
232 250
232 286
232 314
232 328
232 350
232 396
232 410
232 412
232 422
232 423
232 441
232 459
232 464
232 466
233 248
233 281
233 309
233 313
233 335
233 351
233 356
233 357
233 372
233 381
233 389
233 409
233 410
233 434
233 446
233 449
233 467
233 473
233 479
233 482
233 497
234 243
234 253
234 310
234 335
234 377
234 397
234 414
234 432
234 434
234 435
234 460
234 482
234 500
235 238
235 249
235 287
235 319
235 321
235 324
235 370
235 383
235 390
235 396
235 399
235 434
235 451
235 500
236 251
236 253
236 259
236 267
236 292
236 326
236 366
236 368
236 381
236 405
236 422
236 423
236 448
236 454
236 483
236 493
236 496
237 238
237 278
237 289
237 311
237 325
237 372
237 375
237 411
237 418
237 419
237 420
237 434
237 441
237 469
237 483
238 239
238 281
238 291
238 292
238 309
238 310
238 314
238 329
238 330
238 349
238 361
238 369
238 392
238 393
238 395
238 405
238 423
238 436
238 445
238 469
238 471
238 476
238 492
239 293
239 310
239 340
239 361
239 363
239 370
239 372
239 374
239 412
239 413
239 450
239 464
239 498
240 266
240 273
240 287
240 291
240 304
240 342
240 372
240 385
240 396
240 414
240 424
240 436
240 440
240 450
240 456
240 473
240 495
241 243
241 249
241 281
241 285
241 308
241 327
241 328
241 340
241 383
241 395
241 412
241 415
241 434
241 442
241 454
241 476
241 484
241 494
242 350
242 416
242 418
242 428
242 429
242 456
242 462
242 482
242 495
243 245
243 275
243 287
243 303
243 319
243 357
243 365
243 367
243 371
243 376
243 392
243 419
243 426
243 434
243 472
243 487
243 500
244 262
244 274
244 305
244 310
244 335
244 339
244 340
244 352
244 353
244 355
244 360
244 362
244 396
244 420
244 457
244 491
244 494
245 269
245 281
245 321
245 332
245 354
245 363
245 374
245 385
245 393
245 431
245 436
245 461
245 462
245 482
245 494
245 495
246 273
246 295
246 302
246 309
246 321
246 323
246 363
246 395
246 418
246 468
246 487
247 258
247 268
247 299
247 337
247 341
247 353
247 376
247 386
247 387
247 410
247 412
247 423
247 445
247 449
247 451
247 470
247 493
248 277
248 282
248 301
248 390
248 414
248 436
248 443
248 447
248 456
248 496
249 251
249 252
249 267
249 268
249 278
249 280
249 300
249 328
249 351
249 361
249 405
249 407
249 424
249 431
249 443
249 447
249 492
249 500
250 263
250 266
250 278
250 307
250 308
250 315
250 317
250 340
250 383
250 412
250 427
250 436
250 448
250 451
250 461
250 468
250 475
250 483
250 495
251 296
251 302
251 355
251 389
251 409
251 423
251 442
252 256
252 269
252 323
252 326
252 328
252 345
252 367
252 369
252 382
252 387
252 416
252 458
252 461
252 489
253 282
253 295
253 325
253 352
253 367
253 379
253 396
253 408
253 417
253 425
253 426
253 471
253 475
253 488
253 496
254 275
254 285
254 329
254 331
254 347
254 383
254 404
254 441
254 447
254 448
254 451
254 489
254 496
255 258
255 261
255 341
255 356
255 367
255 381
255 388
255 398
255 402
255 411
255 419
255 438
255 443
255 454
255 497
256 277
256 305
256 307
256 350
256 351
256 357
256 393
256 395
256 421
256 428
256 490
256 497
257 271
257 277
257 291
257 292
257 307
257 343
257 348
257 349
257 413
257 430
257 470
257 496
257 500
258 284
258 288
258 290
258 320
258 322
258 350
258 365
258 372
258 378
258 391
258 405
258 413
258 432
258 468
258 479
258 498
259 269
259 280
259 286
259 293
259 316
259 366
259 392
259 411
259 445
259 446
259 490
260 286
260 305
260 321
260 330
260 339
260 360
260 374
260 387
260 398
260 400
260 442
260 446
260 447
260 493
260 499
261 273
261 280
261 304
261 306
261 338
261 339
261 344
261 346
261 347
261 390
261 396
261 398
261 423
261 427
261 429
261 438
261 442
261 449
261 450
261 456
261 458
261 459
261 487
261 493
261 498
262 264
262 293
262 299
262 308
262 315
262 319
262 324
262 341
262 347
262 353
262 366
262 390
262 406
262 435
262 446
262 464
262 480
263 283
263 319
263 320
263 350
263 409
263 421
263 422
263 424
263 433
263 439
263 447
263 457
263 460
263 489
263 492
263 498
264 276
264 287
264 312
264 323
264 363
264 368
264 384
264 408
264 409
264 462
264 464
264 466
264 494
264 496
265 325
265 327
265 329
265 341
265 343
265 354
265 371
265 393
265 401
265 403
265 417
265 434
265 476
265 491
266 267
266 268
266 271
266 289
266 309
266 343
266 352
266 363
266 369
266 418
266 448
266 463
266 484
266 487
267 289
267 290
267 301
267 320
267 321
267 340
267 344
267 350
267 375
267 469
267 486
268 270
268 275
268 295
268 303
268 308
268 322
268 332
268 367
268 380
268 408
268 417
268 420
268 444
268 450
268 475
268 494
269 297
269 300
269 314
269 323
269 334
269 372
269 407
269 415
269 457
270 308
270 318
270 398
270 433
270 465
270 482
270 492
270 497
271 273
271 274
271 304
271 310
271 331
271 345
271 351
271 364
271 451
271 452
271 458
272 279
272 295
272 311
272 313
272 323
272 348
272 360
272 384
272 413
272 440
272 450
272 457
272 475
272 477
272 479
272 499
273 284
273 287
273 385
273 388
273 426
273 441
273 481
273 485
274 285
274 287
274 348
274 361
274 416
274 418
274 452
274 487
274 488
275 296
275 334
275 350
275 353
275 366
275 372
275 375
275 399
275 438
275 448
275 450
275 457
275 459
276 316
276 318
276 352
276 367
276 375
276 388
276 391
276 405
276 409
276 442
276 443
276 449
276 478
276 482
277 283
277 302
277 336
277 354
277 394
277 406
277 418
277 438
277 444
277 452
277 456
277 464
278 292
278 310
278 327
278 344
278 348
278 370
278 374
278 388
278 423
278 426
278 450
278 451
278 486
279 281
279 285
279 287
279 303
279 331
279 337
279 340
279 368
279 378
279 384
279 397
279 401
280 292
280 297
280 299
280 306
280 352
280 356
280 371
280 387
280 393
280 420
280 421
280 422
280 426
280 474
280 477
281 292
281 302
281 313
281 326
281 374
281 378
281 394
281 395
281 444
282 297
282 355
282 395
282 397
282 408
282 413
282 465
282 477
283 374
283 394
283 413
283 437
283 446
283 452
283 454
283 469
283 487
283 488
283 493
284 288
284 297
284 305
284 343
284 346
284 351
284 363
284 375
284 376
284 382
284 391
284 411
284 439
284 443
284 445
284 450
284 476
285 305
285 316
285 339
285 350
285 362
285 392
285 409
285 415
285 416
285 433
285 434
285 447
285 457
285 468
286 296
286 309
286 336
286 341
286 384
286 410
286 429
286 452
286 455
286 473
286 496
287 295
287 316
287 320
287 339
287 340
287 356
287 369
287 374
287 384
287 409
287 429
287 430
287 436
287 440
287 474
288 300
288 312
288 313
288 342
288 343
288 364
288 390
288 409
288 416
288 435
288 447
288 456
288 474
288 482
289 293
289 373
289 382
289 384
289 391
289 395
289 411
289 445
289 448
289 482
289 500
290 308
290 349
290 352
290 364
290 375
290 388
290 394
290 417
290 446
290 499
291 298
291 305
291 326
291 355
291 376
291 382
291 396
291 406
291 410
291 419
291 436
291 469
291 491
292 293
292 347
292 350
292 376
292 379
292 407
292 427
292 430
292 464
292 495
293 306
293 324
293 352
293 353
293 374
293 381
293 387
293 413
294 299
294 303
294 315
294 328
294 344
294 362
294 391
294 400
294 402
294 403
294 404
294 410
294 434
294 462
294 483
295 322
295 336
295 337
295 373
295 381
295 414
295 415
295 427
295 437
295 441
295 448
295 481
295 494
296 305
296 312
296 324
296 330
296 331
296 345
296 354
296 368
296 407
296 430
296 439
296 455
296 467
296 477
296 482
296 485
297 305
297 319
297 320
297 329
297 373
297 386
297 399
297 403
297 411
297 449
297 468
297 473
297 487
297 500
298 325
298 365
298 379
298 382
298 406
298 416
298 433
298 437
298 470
299 313
299 334
299 348
299 356
299 376
299 381
299 394
299 400
299 411
299 420
299 435
299 452
299 453
299 482
299 485
299 495
300 309
300 327
300 333
300 355
300 357
300 369
300 385
300 405
300 411
300 415
300 450
300 451
300 467
300 469
301 326
301 327
301 349
301 356
301 390
301 443
301 486
301 488
301 494
301 498
302 329
302 365
302 366
302 368
302 377
302 389
302 390
302 392
302 413
302 440
302 441
302 444
302 448
302 471
302 475
303 310
303 319
303 325
303 329
303 363
303 369
303 372
303 373
303 379
303 381
303 393
303 400
303 403
303 482
304 307
304 309
304 319
304 331
304 337
304 343
304 405
304 420
304 435
304 450
304 468
304 497
305 326
305 327
305 342
305 343
305 355
305 391
305 393
305 403
305 439
305 490
306 310
306 312
306 320
306 337
306 366
306 404
306 411
306 427
306 470
306 471
306 483
306 490
306 493
307 315
307 316
307 317
307 336
307 337
307 338
307 343
307 355
307 377
307 388
307 414
307 416
307 427
307 431
307 476
307 487
308 326
308 344
308 347
308 354
308 374
308 380
308 394
308 438
308 450
308 463
308 471
308 475
309 313
309 315
309 318
309 327
309 329
309 374
309 379
309 395
309 402
309 422
309 428
309 430
309 456
309 468
309 495
310 327
310 328
310 334
310 371
310 375
310 407
310 417
310 453
310 462
310 467
310 471
310 477
310 478
310 485
310 493
311 335
311 359
311 364
311 420
311 473
311 478
311 486
312 329
312 338
312 344
312 345
312 357
312 360
312 369
312 393
312 403
312 473
312 476
312 481
312 482
312 493
313 329
313 345
313 352
313 371
313 384
313 386
313 414
313 421
313 441
313 457
313 461
314 319
314 344
314 345
314 346
314 349
314 355
314 383
314 388
314 390
314 430
314 434
314 436
314 452
314 461
314 464
314 476
314 477
314 480
315 323
315 324
315 330
315 348
315 354
315 362
315 366
315 368
315 369
315 383
315 394
315 412
315 429
315 451
315 462
315 484
315 492
316 357
316 381
316 400
316 413
316 427
316 455
316 456
316 467
316 484
316 498
317 343
317 346
317 389
317 397
317 400
317 405
317 429
317 451
317 461
317 492
318 379
318 384
318 388
318 419
318 428
318 439
318 456
318 463
318 483
319 356
319 361
319 371
319 409
319 410
319 448
319 454
319 456
319 474
319 475
319 482
319 496
319 499
319 500
320 327
320 328
320 344
320 351
320 393
320 415
320 417
320 440
320 453
320 460
320 462
320 499
321 331
321 347
321 375
321 385
321 408
321 409
321 413
321 414
321 427
321 430
321 455
321 459
321 464
322 329
322 335
322 352
322 364
322 387
322 405
322 425
322 430
322 437
322 438
322 459
322 491
322 498
323 353
323 360
323 364
323 365
323 381
323 393
323 445
323 476
323 482
324 331
324 348
324 352
324 375
324 391
324 412
324 417
324 430
324 434
324 444
324 459
324 461
324 489
325 346
325 356
325 367
325 418
325 428
325 431
325 435
325 442
325 479
326 340
326 349
326 368
326 376
326 379
326 398
326 420
326 438
326 439
326 444
326 448
326 466
326 486
326 493
327 331
327 342
327 381
327 388
327 405
327 424
327 449
327 484
327 491
328 333
328 343
328 368
328 369
328 378
328 396
328 397
328 399
328 435
328 436
328 438
328 475
329 341
329 353
329 354
329 358
329 380
329 434
329 478
329 489
329 500
330 337
330 357
330 376
330 379
330 400
330 407
330 410
330 429
330 439
330 481
330 484
330 491
330 498
331 345
331 366
331 383
331 406
331 416
331 445
331 453
331 464
331 471
331 482
331 487
331 498
332 339
332 371
332 377
332 384
332 413
332 414
332 427
332 431
332 438
332 439
332 440
332 443
332 446
332 483
333 336
333 410
333 416
333 452
333 459
333 484
333 485
334 349
334 350
334 351
334 372
334 378
334 381
334 383
334 395
334 413
334 469
334 496
335 375
335 410
335 422
335 463
335 471
336 361
336 363
336 386
336 388
336 431
336 443
336 449
336 456
336 471
336 489
337 341
337 347
337 381
337 384
337 410
337 411
337 454
337 456
337 469
337 485
337 492
338 354
338 386
338 395
338 420
338 421
338 481
338 486
339 344
339 370
339 373
339 390
339 429
339 462
339 469
339 483
339 490
340 371
340 388
340 402
340 406
340 413
340 428
340 438
340 461
340 467
340 474
340 482
340 487
340 489
341 344
341 427
341 452
341 453
341 475
341 484
341 490
341 500
342 354
342 381
342 387
342 415
342 420
342 442
342 460
342 465
342 470
342 481
342 494
343 358
343 400
343 420
343 458
343 477
344 372
344 376
344 389
344 485
345 354
345 362
345 373
345 381
345 389
345 409
345 423
345 439
345 440
345 457
345 486
345 488
346 366
346 375
346 393
346 395
346 398
346 407
346 409
346 412
346 421
346 434
346 457
346 472
346 486
346 488
346 497
347 373
347 406
347 411
347 420
347 447
347 477
347 481
347 483
348 364
348 372
348 388
348 422
348 451
348 459
348 466
348 491
349 360
349 366
349 396
349 403
349 409
349 431
349 449
349 499
350 351
350 364
350 379
350 395
350 403
350 410
350 445
350 452
350 477
351 363
351 380
351 432
351 433
351 442
351 462
351 463
351 482
352 356
352 364
352 393
352 422
352 433
352 434
352 441
352 486
352 487
353 365
353 370
353 405
353 415
353 421
353 437
353 439
353 460
353 473
353 497
354 358
354 408
354 412
354 421
354 424
354 463
354 476
354 494
355 367
355 368
355 381
355 387
355 399
355 419
355 424
355 441
355 486
355 500
356 372
356 391
356 430
356 441
356 450
356 455
356 467
356 482
356 483
356 488
356 500
357 359
357 389
357 402
357 410
357 411
357 422
357 426
357 428
357 445
357 463
357 465
357 466
357 479
357 480
358 364
358 376
358 387
358 406
358 443
358 453
358 457
358 463
359 394
359 396
359 410
359 443
359 444
359 450
359 455
359 479
359 482
360 378
360 386
360 396
360 435
360 436
360 456
360 457
360 494
360 496
360 498
361 390
361 407
361 408
361 418
361 421
361 427
361 429
361 430
361 471
361 477
361 498
362 382
362 401
362 406
362 421
362 428
362 449
362 481
362 490
363 365
363 377
363 400
363 411
363 421
363 424
363 426
363 429
363 436
363 438
363 456
363 478
364 366
364 398
364 417
364 430
364 443
364 459
364 463
364 467
364 496
365 379
365 424
365 448
365 463
365 466
365 484
365 487
365 493
365 494
365 497
366 373
366 375
366 380
366 389
366 395
366 410
366 423
366 443
366 463
366 476
366 477
366 482
367 371
367 394
367 398
367 419
367 425
367 445
367 464
367 488
368 379
368 471
368 474
368 490
369 404
369 405
369 493
370 374
370 377
370 400
370 403
370 424
370 438
370 457
370 464
370 475
370 480
371 374
371 390
371 451
371 467
371 471
371 480
371 483
372 388
372 414
372 416
372 452
373 394
373 408
373 417
373 420
373 432
373 436
373 439
373 442
373 450
373 485
374 391
374 392
374 401
374 432
374 485
375 384
375 391
375 393
375 422
375 434
375 438
375 455
375 457
375 458
375 473
375 481
376 386
376 392
376 403
376 405
376 406
376 423
376 426
376 429
376 483
377 393
377 398
377 426
377 452
377 462
377 496
378 394
378 413
378 433
378 479
378 490
379 412
379 439
379 443
379 459
379 468
379 469
379 477
379 483
379 496
380 412
380 414
380 427
380 436
380 446
380 451
380 468
380 475
380 482
381 386
381 405
381 406
381 413
381 433
381 450
381 453
381 461
381 494
382 406
382 457
382 458
382 474
383 397
383 406
383 430
383 435
383 436
383 453
383 492
383 493
384 390
384 392
384 398
384 399
384 407
384 418
384 445
384 452
384 473
384 479
385 390
385 407
385 411
385 450
385 462
385 482
385 484
386 407
386 428
386 432
386 442
386 447
386 449
386 467
386 482
386 496
387 404
387 406
387 438
387 458
387 487
388 400
388 442
388 463
388 469
389 396
389 418
389 440
389 463
389 471
389 477
389 482
390 455
390 471
390 487
391 397
391 421
391 472
391 481
391 494
392 403
392 418
392 420
392 440
392 466
392 482
393 401
393 405
393 450
393 453
393 454
393 463
393 478
393 483
394 398
394 416
394 422
394 424
394 445
394 450
394 496
395 397
395 404
395 411
395 427
395 432
395 466
395 468
395 492
396 413
396 414
396 420
396 421
396 431
396 433
396 440
396 451
396 461
396 464
396 473
396 475
396 479
397 408
397 413
397 419
397 421
397 433
397 439
397 468
397 472
397 480
397 487
397 491
398 400
398 438
398 444
398 445
398 459
398 487
399 409
399 420
399 422
399 434
399 444
399 456
399 458
399 461
399 471
399 475
399 491
400 467
400 476
400 484
400 485
401 415
401 416
401 471
401 476
402 421
402 455
402 475
403 450
403 492
403 496
404 409
404 422
404 431
404 439
404 466
404 479
405 419
405 436
405 440
405 441
405 443
405 444
405 456
405 457
405 481
405 484
405 488
406 427
406 430
407 424
407 425
407 442
407 445
407 467
407 470
407 479
408 415
408 425
408 434
408 466
409 411
409 420
409 439
409 465
409 472
409 485
409 493
409 498
410 413
410 482
410 483
410 490
411 413
411 416
411 422
411 427
411 429
411 438
411 439
411 452
411 462
411 480
412 429
413 429
413 462
414 416
414 419
414 424
414 429
414 433
414 437
414 442
414 443
414 485
414 489
414 492
415 471
415 492
416 420
416 431
416 445
416 473
416 487
416 496
416 499
417 422
417 459
417 482
417 490
418 432
418 434
418 477
418 494
419 423
419 427
419 433
419 438
419 483
419 492
420 422
420 465
421 447
421 457
421 466
421 474
421 480
422 479
422 500
423 425
423 431
423 456
423 478
423 483
423 485
423 491
424 431
424 451
424 463
424 484
425 430
425 439
425 459
425 460
425 468
425 497
427 456
427 482
427 490
427 492
428 432
428 437
428 453
428 457
428 465
428 481
429 440
429 446
429 484
429 490
429 497
430 432
430 435
430 437
430 443
430 450
430 484
431 446
431 463
431 465
431 466
431 496
432 439
432 451
432 459
432 490
433 456
433 465
433 470
433 475
433 489
433 499
434 456
434 459
434 498
435 439
435 444
435 468
435 477
435 498
436 441
436 473
436 474
436 489
436 499
437 442
437 493
438 453
438 458
438 489
439 482
440 473
440 479
440 490
440 494
441 464
441 470
441 496
442 447
443 445
443 446
443 454
443 462
443 493
444 446
445 477
445 482
445 484
445 486
445 487
445 496
446 448
446 470
446 480
447 455
447 465
448 470
448 477
448 495
449 465
449 496
450 451
450 482
450 493
451 487
451 498
452 456
452 476
452 488
452 494
453 470
453 480
453 485
454 459
454 463
454 480
454 489
455 474
455 489
456 461
456 471
456 489
457 458
457 486
458 495
459 470
459 487
459 494
460 481
460 496
461 490
462 480
462 481
463 465
464 466
464 467
466 471
466 476
466 481
467 488
468 478
469 476
470 483
470 485
470 487
470 490
472 499
474 477
475 477
475 480
475 482
475 484
475 494
476 481
476 489
477 479
480 483
481 487
481 490
481 491
481 500
482 483
482 497
483 491
484 487
484 495
484 497
486 488
487 500
489 495
491 497
