n60_k130_C
60
60
130
695

81 39 75 66 85 36 60 56 50 75 75 37 87 95 21 99 42 57 31 37 42 40 69 91 45 97 84 90 52 43 68 53 37 65 79 73 92 87 20 20 73 42 52 20 24 76 71 72 21 21 82 92 78 87 50 41 31 73 89 59 

1 5
1 7
1 8
1 11
1 14
1 16
1 17
1 21
1 22
1 25
1 26
1 27
1 28
1 29
1 32
1 33
1 35
1 36
1 37
1 38
1 39
1 40
1 42
1 44
1 46
1 50
1 53
1 55
2 5
2 14
2 21
2 25
2 26
2 27
2 28
2 31
2 33
2 37
2 38
2 39
2 42
2 45
2 47
2 50
2 54
2 55
2 59
3 4
3 5
3 6
3 12
3 15
3 16
3 21
3 22
3 24
3 26
3 27
3 28
3 31
3 33
3 47
3 49
3 52
3 53
3 54
3 56
3 57
3 59
3 60
4 5
4 8
4 9
4 13
4 18
4 21
4 22
4 23
4 28
4 29
4 30
4 36
4 37
4 38
4 41
4 42
4 45
4 51
4 53
4 56
4 57
4 58
5 11
5 12
5 13
5 14
5 15
5 16
5 18
5 19
5 20
5 22
5 23
5 24
5 27
5 29
5 38
5 40
5 43
5 44
5 45
5 49
5 51
5 52
5 53
5 54
5 56
5 59
6 14
6 17
6 18
6 22
6 27
6 29
6 35
6 36
6 38
6 45
6 47
6 50
6 54
6 56
6 58
7 10
7 12
7 18
7 19
7 21
7 24
7 25
7 26
7 27
7 32
7 33
7 36
7 37
7 43
7 52
7 55
7 57
7 59
8 11
8 15
8 17
8 24
8 27
8 32
8 37
8 39
8 42
8 46
8 47
8 52
8 53
8 57
9 13
9 14
9 15
9 16
9 18
9 19
9 24
9 26
9 27
9 33
9 37
9 41
9 43
9 44
9 49
9 52
9 54
9 58
9 59
10 11
10 16
10 28
10 33
10 34
10 35
10 37
10 39
10 42
10 44
10 47
10 50
10 52
10 57
10 59
10 60
11 13
11 17
11 26
11 28
11 30
11 31
11 33
11 34
11 37
11 38
11 41
11 47
11 48
11 49
11 50
11 51
11 52
11 53
11 58
12 14
12 16
12 19
12 22
12 25
12 30
12 31
12 32
12 34
12 36
12 37
12 44
12 46
12 47
12 53
12 55
12 56
12 57
13 14
13 19
13 25
13 26
13 27
13 29
13 30
13 31
13 32
13 42
13 44
13 45
13 48
13 49
13 51
13 53
13 54
13 57
14 17
14 19
14 20
14 23
14 26
14 36
14 37
14 41
14 43
14 44
14 45
14 50
14 60
15 16
15 17
15 21
15 28
15 32
15 35
15 45
15 46
15 47
15 50
15 51
15 52
15 53
16 17
16 19
16 25
16 26
16 28
16 29
16 30
16 32
16 34
16 39
16 41
16 43
16 46
16 47
16 48
16 49
16 51
16 52
16 54
16 56
16 58
17 23
17 25
17 27
17 28
17 29
17 33
17 35
17 38
17 42
17 43
17 47
17 50
17 52
17 56
17 58
17 59
18 21
18 30
18 34
18 36
18 42
18 46
18 47
18 48
18 55
18 60
19 20
19 21
19 22
19 24
19 30
19 31
19 33
19 34
19 38
19 41
19 43
19 46
19 47
19 50
19 52
19 53
19 54
19 59
20 23
20 24
20 26
20 29
20 32
20 39
20 42
20 44
20 45
20 48
20 52
20 55
21 23
21 27
21 31
21 32
21 33
21 38
21 40
21 44
21 45
21 47
21 48
21 50
21 51
21 52
21 54
21 55
21 56
21 57
21 58
21 59
22 23
22 26
22 31
22 32
22 39
22 40
22 41
22 44
22 51
22 53
23 25
23 26
23 27
23 28
23 29
23 30
23 31
23 33
23 34
23 35
23 36
23 37
23 39
23 41
23 42
23 44
23 48
23 49
23 51
23 52
23 53
23 58
23 60
24 25
24 26
24 33
24 38
24 39
24 41
24 44
24 45
24 46
24 47
24 49
24 52
24 54
24 58
25 26
25 27
25 29
25 31
25 33
25 34
25 37
25 38
25 40
25 41
25 42
25 44
25 47
25 48
25 49
25 51
25 52
25 54
25 57
25 60
26 27
26 28
26 29
26 31
26 32
26 42
26 45
26 49
26 51
26 56
26 60
27 28
27 30
27 31
27 36
27 37
27 43
27 49
27 50
27 51
27 57
27 58
27 59
27 60
28 32
28 34
28 35
28 37
28 38
28 42
28 44
28 46
28 47
28 49
28 50
28 51
28 52
28 53
28 54
28 57
28 59
28 60
29 38
29 42
29 43
29 45
29 47
29 49
29 50
29 52
29 56
29 59
29 60
30 33
30 36
30 37
30 38
30 40
30 43
30 44
30 46
30 47
30 50
30 55
30 59
30 60
31 33
31 39
31 41
31 42
31 44
31 47
31 50
31 52
31 54
31 57
31 58
31 60
32 33
32 36
32 40
32 42
32 46
32 49
32 50
32 55
32 57
32 58
32 59
32 60
33 34
33 36
33 37
33 38
33 40
33 42
33 44
33 46
33 47
33 48
33 50
33 53
33 55
33 58
33 60
34 35
34 38
34 40
34 46
34 53
34 54
34 56
34 57
34 58
34 59
35 40
35 41
35 42
35 43
35 45
35 46
35 47
35 48
35 50
35 54
35 55
35 58
35 59
35 60
36 37
36 38
36 41
36 43
36 44
36 47
36 49
36 50
36 51
36 58
37 39
37 46
37 47
37 50
37 51
37 52
37 53
37 55
38 41
38 42
38 43
38 45
38 49
38 50
38 51
38 53
38 54
38 55
38 56
38 59
38 60
39 41
39 47
39 49
39 56
39 60
40 44
40 45
40 51
40 52
40 54
40 55
40 58
40 59
40 60
41 42
41 43
41 45
41 51
41 52
41 53
41 57
41 58
41 59
42 43
42 44
42 48
42 54
42 58
42 60
43 44
43 49
43 50
43 52
43 53
43 58
43 59
44 46
44 54
44 55
44 56
44 58
44 59
44 60
45 46
45 50
45 51
45 54
45 56
45 58
45 60
46 48
46 49
46 51
46 56
46 57
47 49
47 51
47 52
48 51
48 53
48 57
48 58
49 53
49 54
49 56
49 58
49 59
49 60
50 53
50 54
51 53
51 54
51 55
51 57
51 58
51 59
52 55
52 58
52 59
53 54
53 55
53 56
53 60
54 56
54 57
54 60
55 57
55 59
55 60
57 58
