n60_k150_A
60
60
150
102

81 39 75 66 85 36 60 56 50 75 75 37 87 95 21 99 42 57 31 37 42 40 69 91 45 97 84 90 52 43 68 53 37 65 79 73 92 87 20 20 73 42 52 20 24 76 71 72 21 21 82 92 78 87 50 41 31 73 89 59 

1 8
1 14
1 39
2 21
2 28
2 45
2 59
3 4
3 6
3 15
3 16
3 31
3 53
4 9
4 22
4 23
4 38
4 41
4 56
5 22
7 18
7 21
8 17
8 32
8 42
9 13
9 41
9 54
11 50
12 31
13 19
14 23
14 37
15 21
16 30
16 49
17 28
17 33
17 35
17 38
17 50
18 21
19 20
19 21
19 54
20 29
21 32
21 33
21 38
21 55
21 56
22 32
23 31
23 35
24 39
24 46
24 49
24 52
24 54
24 58
25 38
25 47
25 51
25 60
26 49
26 56
28 34
28 46
28 49
28 51
28 57
29 42
29 43
29 47
29 49
29 50
29 60
30 55
32 40
32 57
32 59
33 36
33 38
33 44
33 50
33 53
34 35
34 54
34 57
35 45
36 41
37 55
38 43
38 53
38 56
41 52
41 53
44 58
48 51
50 53
53 55
53 56
