n60_k150_B
60
60
150
371

81 39 75 66 85 36 60 56 50 75 75 37 87 95 21 99 42 57 31 37 42 40 69 91 45 97 84 90 52 43 68 53 37 65 79 73 92 87 20 20 73 42 52 20 24 76 71 72 21 21 82 92 78 87 50 41 31 73 89 59 

1 5
1 8
1 14
1 17
1 27
1 28
1 32
1 33
1 36
1 37
1 39
1 40
1 50
2 5
2 14
2 21
2 25
2 26
2 27
2 28
2 37
2 38
2 39
2 42
2 45
2 47
2 59
3 4
3 5
3 6
3 12
3 15
3 16
3 21
3 22
3 26
3 28
3 31
3 33
3 47
3 49
3 52
3 53
3 59
4 5
4 9
4 13
4 18
4 21
4 22
4 23
4 29
4 36
4 37
4 38
4 41
4 45
4 51
4 53
4 56
4 57
4 58
5 13
5 14
5 15
5 16
5 19
5 22
5 23
5 29
5 43
5 45
5 49
5 51
5 52
5 54
5 59
6 17
6 22
6 27
6 36
6 38
6 45
6 56
7 10
7 12
7 18
7 21
7 25
7 26
7 27
7 32
7 33
7 36
7 37
7 43
7 52
7 55
8 11
8 17
8 24
8 32
8 37
8 39
8 42
8 46
9 13
9 19
9 24
9 37
9 41
9 44
9 54
10 11
10 39
10 44
10 50
10 57
10 59
11 28
11 34
11 37
11 38
11 41
11 47
11 48
11 49
11 50
11 53
11 58
12 14
12 16
12 31
12 32
12 44
12 47
12 55
12 57
13 19
13 25
13 26
13 31
13 32
13 44
13 49
13 57
14 19
14 23
14 26
14 36
14 37
14 43
14 45
14 60
15 16
15 21
15 28
15 32
15 35
15 47
15 50
15 51
15 53
16 19
16 25
16 29
16 30
16 43
16 46
16 49
16 52
16 54
16 56
16 58
17 25
17 28
17 29
17 33
17 35
17 38
17 50
18 21
18 34
18 36
18 48
19 20
19 21
19 31
19 33
19 34
19 43
19 47
19 50
19 53
19 54
20 23
20 24
20 29
20 39
20 42
20 48
20 55
21 23
21 31
21 32
21 33
21 38
21 47
21 48
21 51
21 52
21 54
21 55
21 56
21 57
21 58
22 23
22 31
22 32
22 40
22 41
22 51
22 53
23 29
23 30
23 31
23 34
23 35
23 44
23 51
23 53
23 58
24 33
24 39
24 46
24 49
24 52
24 54
24 58
25 34
25 38
25 41
25 42
25 44
25 47
25 48
25 51
25 52
25 60
26 27
26 28
26 45
26 49
26 51
26 56
27 36
27 50
27 51
27 57
27 59
28 34
28 42
28 46
28 49
28 51
28 54
28 57
28 60
29 38
29 42
29 43
29 47
29 49
29 50
29 60
30 33
30 37
30 38
30 40
30 43
30 44
30 55
30 60
31 33
31 42
31 54
31 58
31 60
32 33
32 36
32 40
32 42
32 50
32 57
32 59
33 36
33 38
33 42
33 44
33 47
33 50
33 53
33 58
34 35
34 40
34 54
34 56
34 57
35 40
35 41
35 43
35 45
35 46
35 47
35 54
35 60
36 37
36 38
36 41
36 43
36 44
36 47
36 58
37 39
37 47
37 51
37 55
38 41
38 43
38 53
38 55
38 56
39 47
39 56
40 44
40 45
40 60
41 45
41 51
41 52
41 53
41 59
42 43
43 59
44 58
44 60
46 49
46 51
47 49
47 51
47 52
48 51
48 53
48 58
49 53
49 54
49 56
49 58
49 60
50 53
51 54
51 55
51 58
52 58
52 59
53 55
53 56
54 57
54 60
55 57
55 60
