n80_k130_A
80
80
130
168

64 29 74 41 49 55 98 80 32 25 38 82 30 35 39 57 84 62 50 55 27 30 36 20 78 47 26 45 41 58 98 91 96 73 84 37 93 91 43 73 85 81 79 71 80 76 83 41 78 70 23 42 87 43 84 60 55 49 78 73 62 36 44 94 69 32 96 70 84 58 78 25 80 58 66 83 24 98 60 42 

1 8
1 14
1 39
1 79
2 8
2 25
2 39
2 41
2 43
2 52
2 53
2 68
3 13
3 25
3 38
3 39
3 54
3 57
3 72
4 17
5 45
5 48
6 22
6 37
6 47
6 69
7 24
7 37
8 60
9 18
9 53
10 33
10 47
10 76
11 60
11 79
12 33
12 38
12 40
12 43
12 55
12 68
13 41
13 42
13 75
14 24
14 66
14 67
14 72
15 24
15 25
15 39
15 75
15 79
16 55
16 62
16 65
16 68
16 70
16 74
17 26
17 35
17 39
17 48
17 71
17 78
18 59
18 71
18 74
18 76
19 21
19 37
19 38
19 42
19 44
19 45
19 55
19 80
20 62
20 79
21 22
21 26
21 28
21 34
21 40
21 43
21 51
21 70
21 73
22 28
22 48
23 28
23 38
23 48
23 51
24 51
24 52
25 53
26 46
26 69
27 42
27 43
28 33
28 38
28 75
29 32
30 73
30 80
31 44
32 43
34 49
36 65
37 57
37 76
38 40
38 56
39 50
40 42
40 58
40 63
41 72
41 74
41 76
42 47
42 66
42 76
44 47
44 57
44 59
44 71
45 52
45 76
45 78
47 57
48 57
49 65
49 66
49 71
49 74
50 55
51 57
51 70
52 60
52 68
54 65
54 71
55 69
55 78
56 61
56 77
57 62
58 69
58 71
59 79
60 77
62 68
63 73
64 66
64 77
64 80
65 67
65 80
66 76
67 72
68 71
69 79
70 74
75 78
