n80_k130_C
80
80
130
1250

64 29 74 41 49 55 98 80 32 25 38 82 30 35 39 57 84 62 50 55 27 30 36 20 78 47 26 45 41 58 98 91 96 73 84 37 93 91 43 73 85 81 79 71 80 76 83 41 78 70 23 42 87 43 84 60 55 49 78 73 62 36 44 94 69 32 96 70 84 58 78 25 80 58 66 83 24 98 60 42 

1 5
1 7
1 8
1 11
1 14
1 16
1 17
1 21
1 22
1 25
1 26
1 27
1 28
1 29
1 32
1 33
1 35
1 36
1 37
1 38
1 39
1 40
1 42
1 44
1 46
1 50
1 53
1 55
1 63
1 72
1 79
2 5
2 6
2 7
2 8
2 11
2 13
2 17
2 18
2 19
2 22
2 25
2 27
2 30
2 34
2 35
2 39
2 41
2 42
2 43
2 49
2 52
2 53
2 58
2 59
2 61
2 63
2 64
2 65
2 68
2 70
3 7
3 9
3 12
3 13
3 14
3 16
3 17
3 19
3 20
3 21
3 24
3 25
3 29
3 34
3 37
3 38
3 39
3 44
3 45
3 46
3 52
3 53
3 54
3 57
3 58
3 61
3 67
3 69
3 72
3 73
3 74
4 6
4 7
4 8
4 9
4 10
4 11
4 13
4 14
4 15
4 17
4 18
4 19
4 22
4 24
4 33
4 35
4 38
4 39
4 40
4 44
4 46
4 47
4 48
4 49
4 51
4 54
4 63
4 66
4 67
4 71
4 76
4 78
5 9
5 10
5 12
5 19
5 21
5 24
5 28
5 30
5 32
5 37
5 39
5 45
5 46
5 48
5 51
5 52
5 53
5 54
5 59
5 60
5 63
5 64
5 70
5 79
6 8
6 10
6 12
6 16
6 20
6 22
6 29
6 32
6 37
6 42
6 44
6 47
6 51
6 52
6 57
6 58
6 62
6 69
6 70
6 71
6 72
6 74
6 75
6 80
7 9
7 10
7 16
7 20
7 24
7 26
7 27
7 32
7 35
7 37
7 41
7 42
7 44
7 49
7 61
7 66
7 67
7 68
7 70
7 72
7 75
7 77
7 80
8 11
8 13
8 18
8 20
8 21
8 23
8 27
8 36
8 38
8 40
8 41
8 43
8 44
8 47
8 48
8 51
8 57
8 58
8 59
8 60
8 61
8 62
8 63
8 68
8 72
8 74
8 77
8 80
9 12
9 17
9 18
9 19
9 21
9 23
9 24
9 31
9 33
9 34
9 40
9 42
9 43
9 44
9 48
9 53
9 59
9 60
9 61
9 63
9 64
9 65
9 66
9 76
9 78
9 79
10 12
10 13
10 15
10 17
10 18
10 21
10 27
10 29
10 30
10 33
10 36
10 46
10 47
10 51
10 53
10 54
10 55
10 60
10 70
10 71
10 72
10 76
11 14
11 18
11 21
11 31
11 32
11 33
11 36
11 37
11 38
11 39
11 47
11 49
11 55
11 56
11 58
11 59
11 60
11 62
11 64
11 69
11 71
11 73
11 76
11 77
11 78
11 79
12 13
12 14
12 16
12 18
12 20
12 28
12 30
12 32
12 33
12 34
12 38
12 40
12 43
12 47
12 48
12 52
12 55
12 57
12 61
12 63
12 64
12 68
12 77
13 14
13 16
13 22
13 26
13 27
13 28
13 35
13 40
13 41
13 42
13 43
13 45
13 51
13 52
13 54
13 55
13 59
13 62
13 64
13 67
13 68
13 71
13 73
13 74
13 75
13 80
14 18
14 19
14 21
14 24
14 27
14 34
14 37
14 39
14 40
14 43
14 47
14 50
14 57
14 61
14 65
14 66
14 67
14 72
14 74
14 78
14 79
15 16
15 17
15 19
15 20
15 21
15 23
15 24
15 25
15 26
15 27
15 28
15 30
15 33
15 38
15 39
15 46
15 47
15 48
15 51
15 58
15 60
15 69
15 70
15 71
15 72
15 73
15 74
15 75
15 77
15 78
15 79
15 80
16 17
16 19
16 21
16 22
16 24
16 28
16 29
16 31
16 32
16 33
16 38
16 40
16 41
16 42
16 49
16 54
16 55
16 57
16 60
16 61
16 62
16 63
16 65
16 68
16 70
16 74
16 77
16 78
16 80
17 19
17 21
17 22
17 25
17 26
17 28
17 29
17 30
17 32
17 35
17 36
17 37
17 39
17 40
17 42
17 45
17 48
17 49
17 50
17 51
17 53
17 54
17 64
17 67
17 71
17 73
17 78
18 20
18 21
18 23
18 24
18 29
18 30
18 36
18 42
18 43
18 44
18 50
18 51
18 52
18 53
18 57
18 59
18 60
18 62
18 63
18 67
18 69
18 71
18 72
18 74
18 75
18 76
18 77
18 78
18 79
19 21
19 23
19 24
19 33
19 37
19 38
19 40
19 42
19 44
19 45
19 47
19 51
19 54
19 55
19 58
19 61
19 62
19 63
19 65
19 68
19 69
19 71
19 72
19 75
19 80
20 24
20 25
20 27
20 33
20 35
20 36
20 38
20 41
20 44
20 46
20 48
20 51
20 52
20 54
20 55
20 58
20 62
20 64
20 68
20 71
20 72
20 77
20 79
20 80
21 22
21 23
21 24
21 26
21 27
21 28
21 30
21 32
21 34
21 36
21 37
21 38
21 40
21 43
21 45
21 48
21 50
21 51
21 54
21 56
21 62
21 69
21 70
21 72
21 73
21 74
21 75
22 23
22 24
22 25
22 26
22 28
22 29
22 30
22 31
22 33
22 37
22 38
22 41
22 42
22 43
22 44
22 45
22 48
22 50
22 51
22 54
22 56
22 57
22 58
22 65
22 69
22 76
22 77
22 80
23 24
23 25
23 26
23 28
23 36
23 37
23 38
23 40
23 44
23 45
23 46
23 48
23 49
23 50
23 51
23 54
23 55
23 57
23 63
23 65
23 72
23 76
23 80
24 25
24 31
24 32
24 34
24 35
24 38
24 39
24 40
24 41
24 42
24 44
24 50
24 51
24 52
24 56
24 57
24 58
24 60
24 61
24 65
24 71
24 75
24 77
24 78
25 28
25 29
25 31
25 32
25 37
25 38
25 41
25 49
25 50
25 51
25 53
25 54
25 55
25 56
25 60
25 61
25 64
25 66
25 68
25 70
25 72
25 73
25 75
25 80
26 27
26 32
26 34
26 35
26 46
26 48
26 52
26 53
26 59
26 60
26 62
26 64
26 65
26 66
26 69
26 70
26 78
26 79
26 80
27 29
27 30
27 31
27 35
27 38
27 39
27 41
27 42
27 43
27 47
27 49
27 50
27 53
27 55
27 57
27 58
27 63
27 70
27 71
27 73
27 75
27 76
27 79
28 31
28 33
28 36
28 37
28 38
28 39
28 40
28 41
28 43
28 45
28 48
28 61
28 62
28 66
28 68
28 69
28 73
28 75
28 77
28 78
28 80
29 31
29 32
29 33
29 34
29 35
29 37
29 39
29 40
29 41
29 42
29 43
29 44
29 47
29 50
29 53
29 60
29 63
29 66
29 67
29 70
29 71
29 78
30 31
30 32
30 34
30 39
30 40
30 43
30 44
30 45
30 49
30 52
30 60
30 61
30 63
30 66
30 67
30 69
30 70
30 73
30 74
30 77
30 79
30 80
31 34
31 35
31 43
31 44
31 53
31 54
31 56
31 62
31 65
31 68
31 72
31 74
31 76
31 77
31 78
31 79
32 34
32 39
32 42
32 43
32 45
32 56
32 57
32 60
32 61
32 64
32 69
32 71
32 75
32 80
33 35
33 37
33 38
33 39
33 40
33 44
33 45
33 48
33 49
33 52
33 53
33 54
33 56
33 57
33 63
33 67
33 68
33 70
33 74
33 75
33 78
33 80
34 40
34 41
34 42
34 45
34 47
34 49
34 51
34 55
34 58
34 65
34 68
34 69
34 71
34 72
34 76
34 78
34 80
35 40
35 44
35 45
35 48
35 49
35 53
35 56
35 57
35 58
35 62
35 63
35 65
35 67
35 72
35 74
35 76
35 80
36 37
36 42
36 45
36 46
36 52
36 53
36 55
36 58
36 63
36 65
36 66
36 69
36 73
36 74
36 76
36 80
37 39
37 40
37 43
37 45
37 55
37 57
37 60
37 63
37 69
37 72
37 75
37 76
37 78
38 40
38 41
38 42
38 45
38 46
38 47
38 53
38 54
38 56
38 58
38 62
38 64
38 65
38 67
38 69
38 71
38 72
38 75
38 76
38 79
39 41
39 42
39 45
39 49
39 50
39 51
39 55
39 56
39 57
39 60
39 63
39 65
39 67
39 69
39 76
39 77
39 79
39 80
40 42
40 44
40 50
40 53
40 54
40 55
40 57
40 58
40 63
40 66
40 67
40 70
40 73
40 75
40 76
40 77
40 79
41 42
41 43
41 47
41 48
41 52
41 58
41 62
41 63
41 64
41 65
41 72
41 74
41 75
41 76
42 44
42 45
42 47
42 48
42 49
42 55
42 63
42 66
42 68
42 69
42 71
42 74
42 75
42 76
42 79
42 80
43 44
43 49
43 52
43 55
43 56
43 57
43 58
43 59
43 63
43 66
43 72
43 74
43 75
43 76
43 79
43 80
44 47
44 48
44 50
44 53
44 54
44 57
44 59
44 63
44 66
44 68
44 69
44 71
44 75
44 77
45 47
45 48
45 51
45 52
45 53
45 60
45 63
45 65
45 67
45 71
45 74
45 76
45 77
45 78
46 52
46 55
46 60
46 63
46 70
46 80
47 48
47 51
47 55
47 56
47 57
47 59
47 60
47 67
47 68
47 71
47 73
47 74
47 77
47 79
48 49
48 50
48 52
48 53
48 55
48 56
48 57
48 58
48 60
48 62
48 65
48 66
48 71
48 72
48 74
48 75
48 80
49 53
49 56
49 61
49 64
49 65
49 66
49 70
49 71
49 73
49 74
49 75
49 77
49 79
50 52
50 53
50 55
50 57
50 60
50 62
50 65
50 69
50 73
50 77
50 80
51 53
51 57
51 58
51 61
51 66
51 68
51 69
51 70
51 75
51 79
51 80
52 56
52 57
52 59
52 60
52 61
52 63
52 65
52 66
52 67
52 68
52 70
52 71
52 72
52 77
53 54
53 55
53 60
53 61
53 63
53 65
53 68
53 69
53 70
53 71
53 77
53 78
53 80
54 55
54 62
54 65
54 66
54 67
54 69
54 71
54 74
54 75
54 76
54 78
54 79
55 60
55 62
55 63
55 64
55 66
55 67
55 69
55 70
55 78
55 80
56 57
56 61
56 68
56 71
56 77
56 78
57 58
57 61
57 62
57 63
57 64
57 66
57 67
57 68
57 69
57 73
57 75
57 77
57 78
58 60
58 61
58 62
58 69
58 70
58 71
58 80
59 60
59 61
59 65
59 68
59 69
59 73
59 74
59 77
59 78
59 79
60 61
60 63
60 71
60 72
60 74
60 77
60 78
61 65
61 70
61 71
61 72
61 76
61 77
61 79
62 65
62 66
62 68
62 69
62 75
62 78
62 80
63 65
63 66
63 68
63 72
63 73
63 75
63 76
63 77
63 78
64 66
64 67
64 69
64 70
64 72
64 73
64 75
64 76
64 77
64 80
65 67
65 68
65 71
65 73
65 75
65 80
66 72
66 74
66 75
66 76
67 69
67 71
67 72
67 73
68 70
68 71
68 74
68 79
69 71
69 75
69 78
69 79
69 80
70 73
70 74
71 72
71 74
71 75
71 76
72 75
72 79
72 80
73 74
73 75
73 78
74 75
74 78
74 79
75 78
76 77
76 80
77 78
79 80
