n80_k130_B
80
80
130
667

64 29 74 41 49 55 98 80 32 25 38 82 30 35 39 57 84 62 50 55 27 30 36 20 78 47 26 45 41 58 98 91 96 73 84 37 93 91 43 73 85 81 79 71 80 76 83 41 78 70 23 42 87 43 84 60 55 49 78 73 62 36 44 94 69 32 96 70 84 58 78 25 80 58 66 83 24 98 60 42 

1 5
1 8
1 14
1 17
1 27
1 28
1 32
1 33
1 36
1 37
1 39
1 40
1 50
1 63
1 72
1 79
2 5
2 6
2 7
2 8
2 17
2 18
2 19
2 22
2 25
2 27
2 39
2 41
2 42
2 43
2 49
2 52
2 53
2 58
2 59
2 63
2 65
2 68
2 70
3 7
3 9
3 12
3 13
3 19
3 21
3 25
3 29
3 34
3 37
3 38
3 39
3 45
3 52
3 53
3 54
3 57
3 61
3 67
3 69
3 72
3 73
3 74
4 8
4 9
4 10
4 11
4 14
4 17
4 18
4 24
4 38
4 40
4 44
4 46
4 47
4 49
4 54
4 66
4 71
4 76
5 10
5 12
5 19
5 30
5 37
5 39
5 45
5 48
5 52
5 53
5 54
5 59
5 60
5 63
5 64
5 70
5 79
6 8
6 16
6 22
6 29
6 37
6 42
6 44
6 47
6 51
6 69
6 75
6 80
7 20
7 24
7 27
7 37
7 44
7 72
7 77
8 11
8 18
8 20
8 38
8 44
8 47
8 48
8 51
8 57
8 58
8 59
8 60
8 63
8 68
8 72
8 74
9 18
9 19
9 31
9 34
9 42
9 44
9 53
9 59
9 60
9 65
9 66
9 78
10 13
10 21
10 29
10 33
10 36
10 46
10 47
10 53
10 55
10 70
10 71
10 76
11 14
11 18
11 21
11 33
11 36
11 37
11 39
11 49
11 55
11 59
11 60
11 73
11 76
11 79
12 14
12 16
12 18
12 20
12 30
12 33
12 34
12 38
12 40
12 43
12 55
12 68
13 14
13 16
13 28
13 41
13 42
13 52
13 54
13 55
13 64
13 68
13 71
13 74
13 75
14 18
14 19
14 24
14 34
14 37
14 43
14 50
14 57
14 65
14 66
14 67
14 72
15 16
15 17
15 20
15 21
15 23
15 24
15 25
15 26
15 27
15 30
15 38
15 39
15 47
15 48
15 58
15 60
15 73
15 74
15 75
15 78
15 79
16 24
16 31
16 33
16 38
16 49
16 55
16 62
16 65
16 68
16 70
16 74
17 22
17 26
17 29
17 30
17 32
17 35
17 36
17 39
17 40
17 48
17 49
17 50
17 67
17 71
17 73
17 78
18 29
18 43
18 44
18 50
18 52
18 59
18 67
18 71
18 74
18 76
18 79
19 21
19 24
19 33
19 37
19 38
19 42
19 44
19 45
19 55
19 58
19 62
19 63
19 65
19 68
19 69
19 80
20 25
20 27
20 36
20 48
20 52
20 54
20 55
20 58
20 62
20 64
20 72
20 79
21 22
21 26
21 28
21 32
21 34
21 37
21 40
21 43
21 48
21 51
21 56
21 70
21 72
21 73
22 23
22 24
22 26
22 28
22 29
22 30
22 37
22 43
22 44
22 45
22 48
22 50
22 51
22 54
22 65
22 69
22 77
23 24
23 28
23 36
23 38
23 48
23 50
23 51
23 63
23 72
23 80
24 25
24 40
24 44
24 50
24 51
24 52
24 58
24 60
25 38
25 53
25 55
25 73
25 75
26 32
26 34
26 35
26 46
26 48
26 53
26 59
26 60
26 62
26 64
26 66
26 69
26 79
26 80
27 30
27 38
27 39
27 42
27 43
27 50
27 53
27 55
27 58
27 70
27 73
27 75
27 76
28 31
28 33
28 36
28 38
28 41
28 43
28 45
28 48
28 61
28 62
28 75
28 77
29 32
29 33
29 34
29 37
29 40
29 41
29 42
29 47
29 53
29 66
29 70
30 31
30 32
30 43
30 45
30 49
30 52
30 60
30 63
30 66
30 73
30 77
30 79
30 80
31 34
31 44
31 53
31 54
31 56
31 65
31 74
31 76
31 77
31 78
31 79
32 39
32 42
32 43
32 45
32 57
32 60
32 61
32 64
32 71
32 80
33 35
33 38
33 40
33 44
33 45
33 48
33 53
33 56
33 67
33 70
33 74
33 75
33 78
34 40
34 49
34 51
34 68
34 69
34 72
35 40
35 44
35 48
35 53
35 58
35 65
35 72
35 74
35 80
36 42
36 46
36 52
36 53
36 65
36 73
36 80
37 40
37 45
37 55
37 57
37 63
37 72
37 76
38 40
38 45
38 46
38 47
38 56
38 58
38 62
38 64
38 71
38 75
38 76
38 79
39 41
39 42
39 49
39 50
39 51
39 65
39 67
39 69
40 42
40 50
40 53
40 54
40 58
40 63
40 70
40 75
40 76
41 47
41 48
41 62
41 65
41 72
41 74
41 75
41 76
42 45
42 47
42 49
42 55
42 66
42 68
42 69
42 75
42 76
42 79
42 80
43 55
43 56
43 57
43 59
43 63
43 72
43 75
43 76
43 79
44 47
44 48
44 50
44 53
44 57
44 59
44 63
44 69
44 71
44 75
44 77
45 47
45 48
45 52
45 63
45 67
45 76
45 78
46 60
46 70
46 80
47 48
47 56
47 57
47 59
47 71
47 73
47 77
48 49
48 57
48 62
48 65
48 72
49 56
49 61
49 65
49 66
49 71
49 73
49 74
49 75
49 77
49 79
50 55
50 60
50 62
50 73
51 57
51 66
51 69
51 70
51 79
52 57
52 59
52 60
52 61
52 63
52 65
52 66
52 67
52 68
52 71
52 77
53 55
53 63
53 70
53 80
54 55
54 65
54 69
54 71
54 75
54 78
54 79
55 63
55 64
55 67
55 69
55 78
56 61
56 77
57 58
57 62
57 63
57 73
57 77
57 78
58 62
58 69
58 71
58 80
59 65
59 77
59 78
59 79
60 63
60 72
60 74
60 77
61 70
61 71
61 72
61 76
62 65
62 68
62 78
63 65
63 66
63 68
63 73
64 66
64 69
64 76
64 77
64 80
65 67
65 71
65 75
65 80
66 75
66 76
67 69
67 71
67 72
68 70
68 71
69 71
69 75
69 78
69 79
69 80
70 74
74 75
74 78
75 78
79 80
